Existing Posn.,Symbol,Description,Date,Time,Strike Price,Call/Put,Exp.Date,Mid IV,Th.Price,Bid,Ask,Percent O/U,Volume,Open Interest,Delta,Gamma,Vega,Theta,Rho,Prob.Finish.ITM,Last
,SPX,SPX Index,101228,16:00:00,, ,,,,,,,,,1,0,,,,,1258.6
,SPX 11M1035,Jan11 1035 Puts,101228,16:00:00,1035,P,110121,0.336,0.36,0.2,0.6,0.111,,4137,-0.3,0.004,8.484,-6.04,-0.83,0,-1
,SPX 11N1035,Feb11 1035 Puts,101228,16:00:00,1035,P,110218,0.294,2.13,1.5,2.65,-0.023,,,-1.557,0.017,38.241,-10.481,-6.852,0,-1
,SPX 11M1040,Jan11 1040 Puts,101228,16:00:00,1040,P,110121,0.325,0.38,0.25,0.5,-0.026,8,5673,-0.325,0.004,8.97,-5.621,-0.885,0,0.3
,SPX 11N1040,Feb11 1040 Puts,101228,16:00:00,1040,P,110218,0.291,2.24,1.6,2.8,-0.018,,863,-1.664,0.018,39.936,-10.903,-7.225,0,-1
,SPX 11O1040,Mar11 1040 Puts,101228,16:00:00,1040,P,110318,0.278,5.15,4.2,5.8,-0.029,,5,-3.241,0.03,76.93,-13.078,-19.644,0,-1
,SPX 11M1045,Jan11 1045 Puts,101228,16:00:00,1045,P,110121,0.343,0.4,0.3,1,0.6,1,2323,-0.354,0.005,9.492,-8.808,-0.944,0,0.45
,SPX 11N1045,Feb11 1045 Puts,101228,16:00:00,1045,P,110218,0.288,2.35,1.75,2.9,-0.009,,3,-1.778,0.02,41.713,-11.341,-7.622,0,-1
,SPX 11M1050,Jan11 1050 Puts,101228,16:00:00,1050,P,110121,0.313,0.43,0.35,0.45,-0.07,338,98176,-0.385,0.005,10.051,-5.952,-1.008,0,0.35
,SPX 11N1050,Feb11 1050 Puts,101228,16:00:00,1050,P,110218,0.287,2.48,2.1,3,0.024,137,30137,-1.902,0.021,43.575,-12.031,-8.044,0,2.4
,SPX 11O1050,Mar11 1050 Puts,101228,16:00:00,1050,P,110318,0.273,5.61,4.7,6.3,-0.021,507,57715,-3.626,0.034,82.443,-13.829,-21.495,0,5.3
,SPX 11P1050,Apr11 1050 Puts,101228,16:00:00,1050,P,110415,0.272,9.52,8.5,10.5,-0.002,1300,3036,-5.343,0.043,121.298,-15.14,-40.394,0,9.5
,SPX 11R1050,Jun11 1050 Puts,101228,16:00:00,1050,P,110617,0.27,19.62,17.4,21.4,-0.011,,46259,-8.183,0.052,199.536,-15.525,-96.66,0.002,-1
,SPX 11U1050,Sep11 1050 Puts,101228,16:00:00,1050,P,110916,0.27,34.03,31.7,35.6,-0.011,,4263,-10.944,0.058,288.393,-14.431,-195.591,0.011,-1
,SPX 11X1050,Dec11 1050 Puts,101228,16:00:00,1050,P,111216,0.271,46.91,44.7,48.7,-0.005,1500,38572,-12.731,0.058,358.267,-13.092,-304.549,0.024,46.3
,SPX 11M1055,Jan11 1055 Puts,101228,16:00:00,1055,P,110121,0.33,0.46,0.35,1,0.457,52,1893,-0.419,0.006,10.652,-9.053,-1.078,0,0.5
,SPX 11N1055,Feb11 1055 Puts,101228,16:00:00,1055,P,110218,0.282,2.61,2,3.2,-0.004,,1,-2.035,0.023,45.526,-12.187,-8.493,0,-1
,SPX 11M1060,Jan11 1060 Puts,101228,16:00:00,1060,P,110121,0.314,0.48,0.35,0.8,0.187,,9584,-0.457,0.007,11.298,-7.906,-1.153,0,-1
,SPX 11N1060,Feb11 1060 Puts,101228,16:00:00,1060,P,110218,0.278,2.74,2.15,3.3,-0.004,13,6215,-2.179,0.025,47.57,-12.51,-8.971,0,2.8
,SPX 11O1060,Mar11 1060 Puts,101228,16:00:00,1060,P,110318,0.268,6.13,5.2,6.8,-0.021,,3980,-4.06,0.039,88.325,-14.536,-23.537,0,-1
,SPX 11R1060,Jun11 1060 Puts,101228,16:00:00,1060,P,110617,0.266,20.83,18.7,22.6,-0.009,,7930,-8.834,0.058,207.597,-15.913,-102.642,0.003,-1
,SPX 11A1065,Jan11 1065 Calls,101228,16:00:00,1065,C,110121,,192.42,191.9,195.7,0.007,,20,99.642,0.006,4.758,-2.292,69.553,1,-1
,SPX 11B1065,Feb11 1065 Calls,101228,16:00:00,1065,C,110218,,199.1,192.2,196.1,-0.025,,,98.267,0.017,82.044,-28.082,132.944,1,-1
,SPX 11M1065,Jan11 1065 Puts,101228,16:00:00,1065,P,110121,0.316,0.51,0.4,1,0.353,8,2855,-0.499,0.007,11.992,-9.166,-1.236,0,0.55
,SPX 11N1065,Feb11 1065 Puts,101228,16:00:00,1065,P,110218,0.276,2.89,2.1,3.7,0.003,,10,-2.333,0.027,49.711,-13.01,-9.479,0,-1
,SPX 11A1070,Jan11 1070 Calls,101228,16:00:00,1070,C,110121,,187.44,186.9,190.9,0.008,,9,99.606,0.007,5.287,-2.528,69.828,1,-1
,SPX 11B1070,Feb11 1070 Calls,101228,16:00:00,1070,C,110218,,194.23,187.4,191.4,-0.025,,82,98.161,0.019,83.721,-28.182,133.147,1,-1
,SPX 11C1070,Mar11 1070 Calls,101228,16:00:00,1070,C,110318,,193.26,189.2,193.1,-0.011,,,95.563,0.037,106.007,-19.057,203.934,1,-1
,SPX 11M1070,Jan11 1070 Puts,101228,16:00:00,1070,P,110121,0.303,0.55,0.45,0.8,0.145,,13565,-0.546,0.008,12.739,-8.423,-1.326,0,-1
,SPX 11N1070,Feb11 1070 Puts,101228,16:00:00,1070,P,110218,0.271,3.05,2.2,3.8,-0.016,,929,-2.499,0.029,51.952,-13.273,-10.02,0,-1
,SPX 11O1070,Mar11 1070 Puts,101228,16:00:00,1070,P,110318,0.263,6.69,5.6,7.6,-0.013,,21,-4.549,0.044,94.59,-15.348,-25.791,0,-1
,SPX 11A1075,Jan11 1075 Calls,101228,16:00:00,1075,C,110121,,182.46,181.9,185.8,0.008,,2941,99.564,0.008,5.878,-2.788,70.096,1,-1
,SPX 11B1075,Feb11 1075 Calls,101228,16:00:00,1075,C,110218,,189.36,182.5,186.4,-0.026,,6,98.049,0.02,85.456,-28.286,133.324,1,-1
,SPX 11C1075,Mar11 1075 Calls,101228,16:00:00,1075,C,110318,,188.55,184.5,188.4,-0.011,,10464,95.341,0.039,108.894,-19.338,203.887,1,-1
,SPX 11D1075,Apr11 1075 Calls,101228,16:00:00,1075,C,110415,,192.52,187.4,192.2,-0.014,,,93.646,0.047,150.387,-19.762,262.437,0.999,-1
,SPX 11F1075,Jun11 1075 Calls,101228,16:00:00,1075,C,110617,,199.13,194.6,199.5,-0.01,,12514,90.227,0.059,221.109,-17.718,389.097,0.994,-1
,SPX 11I1075,Sep11 1075 Calls,101228,16:00:00,1075,C,110916,,202.46,204.7,210.7,0.026,,500,84.493,0.082,290.498,-13.996,574.051,0.976,-1
,SPX 11L1075,Dec11 1075 Calls,101228,16:00:00,1075,C,111216,,217.92,213.3,219.3,-0.007,,8421,84.595,0.066,371.018,-14.448,711.262,0.956,-1
,SPX 11M1075,Jan11 1075 Puts,101228,16:00:00,1075,P,110121,0.296,0.58,0.5,0.75,0.086,2407,55554,-0.597,0.009,13.544,-8.434,-1.424,0,0.65
,SPX 11N1075,Feb11 1075 Puts,101228,16:00:00,1075,P,110218,0.269,3.21,2.4,4,-0.003,8,20759,-2.679,0.032,54.299,-13.803,-10.597,0,3.3
,SPX 11O1075,Mar11 1075 Puts,101228,16:00:00,1075,P,110318,0.261,7,5.9,7.9,-0.011,500,50961,-4.816,0.047,97.869,-15.726,-27.005,0,7.4
,SPX 11P1075,Apr11 1075 Puts,101228,16:00:00,1075,P,110415,0.261,11.56,10.6,12.6,0.005,3,3,-6.822,0.057,139.55,-16.748,-49.165,0.001,12
,SPX 11R1075,Jun11 1075 Puts,101228,16:00:00,1075,P,110617,0.261,22.79,20.7,24.7,-0.004,,18251,-9.968,0.069,219.986,-16.542,-112.317,0.006,-1
,SPX 11U1075,Sep11 1075 Puts,101228,16:00:00,1075,P,110916,0.263,38.4,36.3,40.2,-0.004,,2166,-12.874,0.071,309.429,-15.075,-220.272,0.024,-1
,SPX 11X1075,Dec11 1075 Puts,101228,16:00:00,1075,P,111216,0.264,52.12,50.2,54.1,0.001,,24678,-14.643,0.069,379.25,-13.486,-337.309,0.044,-1
,SPX 11A1080,Jan11 1080 Calls,101228,16:00:00,1080,C,110121,,177.48,177,181,0.009,,10,99.517,0.009,6.536,-3.076,70.355,1,-1
,SPX 11B1080,Feb11 1080 Calls,101228,16:00:00,1080,C,110218,,184.51,177.7,181.6,-0.026,,79,97.928,0.021,87.253,-28.392,133.476,1,-1
,SPX 11C1080,Mar11 1080 Calls,101228,16:00:00,1080,C,110318,,183.86,179.8,183.8,-0.011,,75,95.106,0.042,111.863,-19.622,203.787,1,-1
,SPX 11F1080,Jun11 1080 Calls,101228,16:00:00,1080,C,110617,,194.78,190.4,195.2,-0.01,,,89.873,0.062,225.127,-17.881,388.152,0.992,-1
,SPX 11M1080,Jan11 1080 Puts,101228,16:00:00,1080,P,110121,0.292,0.62,0.5,0.85,0.097,,11545,-0.655,0.01,14.411,-8.917,-1.531,0,-1
,SPX 11N1080,Feb11 1080 Puts,101228,16:00:00,1080,P,110218,0.266,3.39,2.6,4.2,0.003,1,6437,-2.873,0.035,56.754,-14.35,-11.211,0,3.5
,SPX 11O1080,Mar11 1080 Puts,101228,16:00:00,1080,P,110318,0.258,7.32,6.2,8.2,-0.016,,1079,-5.1,0.05,101.247,-16.109,-28.28,0,-1
,SPX 11R1080,Jun11 1080 Puts,101228,16:00:00,1080,P,110617,0.259,23.49,21.5,25.4,-0.002,,111,-10.377,0.071,224.186,-16.785,-115.743,0.008,-1
,SPX 11A1085,Jan11 1085 Calls,101228,16:00:00,1085,C,110121,,172.5,172,175.9,0.008,,86,99.462,0.01,7.27,-3.393,70.605,1,-1
,SPX 11B1085,Feb11 1085 Calls,101228,16:00:00,1085,C,110218,,179.66,172.9,176.9,-0.026,,,97.799,0.023,89.114,-28.5,133.6,1,-1
,SPX 11M1085,Jan11 1085 Puts,101228,16:00:00,1085,P,110121,0.296,0.67,0.55,1.2,0.313,,6586,-0.719,0.012,15.345,-10.896,-1.648,0,-1
,SPX 11N1085,Feb11 1085 Puts,101228,16:00:00,1085,P,110218,0.263,3.58,2.8,4.4,0.006,,1415,-3.082,0.037,59.322,-14.916,-11.865,0,-1
,SPX 11A1090,Jan11 1090 Calls,101228,16:00:00,1090,C,110121,,167.53,167.1,170.9,0.009,,,99.4,0.012,8.088,-3.742,70.845,1,-1
,SPX 11B1090,Feb11 1090 Calls,101228,16:00:00,1090,C,110218,,174.82,168.1,172,-0.027,,,97.66,0.025,91.043,-28.612,133.693,1,-1
,SPX 11C1090,Mar11 1090 Calls,101228,16:00:00,1090,C,110318,,174.5,170.5,174.3,-0.012,,,94.591,0.047,118.055,-20.198,203.413,1,-1
,SPX 11L1090,Dec11 1090 Calls,101228,16:00:00,1090,C,111216,,206.21,202,207.9,-0.006,,,83.381,0.076,384.28,-14.674,704.255,0.939,-1
,SPX 11M1090,Jan11 1090 Puts,101228,16:00:00,1090,P,110121,0.282,0.71,0.6,0.9,0.07,60,16961,-0.79,0.013,16.354,-9.637,-1.776,0,0.9
,SPX 11N1090,Feb11 1090 Puts,101228,16:00:00,1090,P,110218,0.26,3.78,3,4.6,0.005,,2949,-3.307,0.041,62.006,-15.407,-12.562,0,-1
,SPX 11O1090,Mar11 1090 Puts,101228,16:00:00,1090,P,110318,0.253,8.02,6.9,8.9,-0.015,,1,-5.722,0.057,108.302,-16.893,-31.027,0,-1
,SPX 11X1090,Dec11 1090 Puts,101228,16:00:00,1090,P,111216,0.26,55.53,53.7,57.6,0.002,,,-15.899,0.075,391.603,-13.712,-358.404,0.061,-1
,SPX 11A1095,Jan11 1095 Calls,101228,16:00:00,1095,C,110121,,162.56,162.1,166,0.009,,78,99.327,0.013,8.999,-4.127,71.072,1,-1
,SPX 11B1095,Feb11 1095 Calls,101228,16:00:00,1095,C,110218,,169.99,163.3,167.2,-0.028,,,97.512,0.027,93.041,-28.726,133.755,1,-1
,SPX 11L1095,Dec11 1095 Calls,101228,16:00:00,1095,C,111216,,202.36,198.5,203.8,-0.006,,,82.937,0.078,388.65,-14.744,701.647,0.932,-1
,SPX 11M1095,Jan11 1095 Puts,101228,16:00:00,1095,P,110121,0.279,0.76,0.75,0.95,0.118,,2583,-0.869,0.015,17.443,-10.476,-1.917,0,-1
,SPX 11N1095,Feb11 1095 Puts,101228,16:00:00,1095,P,110218,0.256,4,3.2,4.8,0,,400,-3.551,0.044,64.811,-15.82,-13.306,0,-1
,SPX 11X1095,Dec11 1095 Puts,101228,16:00:00,1095,P,111216,0.259,56.72,54.9,58.8,0.002,,,-16.336,0.077,395.662,-13.771,-365.681,0.068,-1
,SPX 11A1100,Jan11 1100 Calls,101228,16:00:00,1100,C,110121,,157.6,157.2,161,0.009,1,22404,99.244,0.016,10.014,-4.551,71.285,1,158
,SPX 11B1100,Feb11 1100 Calls,101228,16:00:00,1100,C,110218,,165.17,158.6,162.5,-0.028,,10813,97.352,0.029,95.112,-28.842,133.782,1,-1
,SPX 11C1100,Mar11 1100 Calls,101228,16:00:00,1100,C,110318,,165.21,161.3,165.3,-0.011,1675,27577,94.011,0.054,124.588,-20.783,202.789,0.999,164
,SPX 11D1100,Apr11 1100 Calls,101228,16:00:00,1100,C,110415,,169.81,165,169.8,-0.014,,,92.09,0.062,167.882,-20.852,259.973,0.996,-1
,SPX 11F1100,Jun11 1100 Calls,101228,16:00:00,1100,C,110617,,177.62,173.6,178.4,-0.009,,31926,88.313,0.074,241.49,-18.508,383.351,0.983,-1
,SPX 11I1100,Sep11 1100 Calls,101228,16:00:00,1100,C,110916,,182.81,185.4,190.3,0.028,,1644,81.932,0.095,316.203,-14.823,561.201,0.954,-1
,SPX 11L1100,Dec11 1100 Calls,101228,16:00:00,1100,C,111216,,198.53,195,199.9,-0.005,,70466,82.482,0.08,392.988,-14.812,698.9,0.925,-1
,SPX 11M1100,Jan11 1100 Puts,101228,16:00:00,1100,P,110121,0.273,0.82,0.85,0.95,0.098,4553,127069,-0.958,0.016,18.619,-10.814,-2.072,0,0.85
,SPX 11N1100,Feb11 1100 Puts,101228,16:00:00,1100,P,110218,0.253,4.23,3.4,5,-0.002,20,67754,-3.814,0.048,67.739,-16.338,-14.098,0,4.6
,SPX 11O1100,Mar11 1100 Puts,101228,16:00:00,1100,P,110318,0.251,8.79,8.7,9.6,0.039,4591,75948,-6.423,0.065,115.753,-18.355,-34.059,0.001,8.8
,SPX 11P1100,Apr11 1100 Puts,101228,16:00:00,1100,P,110415,0.249,14.09,12.2,16.1,0.005,100,2536,-8.72,0.076,159.656,-18.322,-59.903,0.004,14.4
,SPX 11R1100,Jun11 1100 Puts,101228,16:00:00,1100,P,110617,0.253,26.55,25,28.6,0.009,40,63594,-12.172,0.084,241.24,-17.629,-130.508,0.017,26.8
,SPX 11U1100,Sep11 1100 Puts,101228,16:00:00,1100,P,110916,0.258,43.38,43,45.3,0.018,,9903,-15.094,0.083,330.363,-15.826,-247.818,0.046,-1
,SPX 11X1100,Dec11 1100 Puts,101228,16:00:00,1100,P,111216,0.258,57.93,56,60,0.002,10502,83933,-16.783,0.079,399.685,-13.827,-373.082,0.075,59
,SPX 11A1105,Jan11 1105 Calls,101228,16:00:00,1105,C,110121,,152.64,152.2,156.1,0.01,,110,99.148,0.018,11.144,-5.018,71.483,1,-1
,SPX 11B1105,Feb11 1105 Calls,101228,16:00:00,1105,C,110218,,160.35,153.8,157.8,-0.028,,10,97.18,0.031,97.259,-28.96,133.773,1,-1
,SPX 11M1105,Jan11 1105 Puts,101228,16:00:00,1105,P,110121,0.267,0.88,0.85,1,0.057,426,3055,-1.057,0.018,19.89,-11.075,-2.242,0,0.95
,SPX 11N1105,Feb11 1105 Puts,101228,16:00:00,1105,P,110218,0.25,4.47,3.7,5.3,0.009,1,624,-4.098,0.052,70.795,-16.968,-14.943,0,4.7
,SPX 11A1110,Jan11 1110 Calls,101228,16:00:00,1110,C,110121,,147.69,147.3,151.2,0.011,,2,99.038,0.021,12.4,-5.531,71.663,1,-1
,SPX 11B1110,Feb11 1110 Calls,101228,16:00:00,1110,C,110218,,155.55,149.1,153,-0.029,,34,96.995,0.034,99.485,-29.08,133.725,1,-1
,SPX 11C1110,Mar11 1110 Calls,101228,16:00:00,1110,C,110318,,156,152.2,156.1,-0.012,,,93.355,0.061,131.466,-21.373,201.887,0.998,-1
,SPX 11M1110,Jan11 1110 Puts,101228,16:00:00,1110,P,110121,0.271,0.95,0.9,1.45,0.242,47,8591,-1.168,0.021,21.264,-13.287,-2.429,0,1.2
,SPX 11N1110,Feb11 1110 Puts,101228,16:00:00,1110,P,110218,0.246,4.73,3.9,5.5,-0.004,2,208,-4.405,0.056,73.982,-17.32,-15.845,0,4.95
,SPX 11O1110,Mar11 1110 Puts,101228,16:00:00,1110,P,110318,0.242,9.65,8.6,10.5,-0.01,,672,-7.214,0.074,123.594,-18.515,-37.406,0.002,-1
,SPX 11A1115,Jan11 1115 Calls,101228,16:00:00,1115,C,110121,,142.74,142.4,146.2,0.011,,18,98.911,0.024,13.797,-6.095,71.822,1,-1
,SPX 11B1115,Feb11 1115 Calls,101228,16:00:00,1115,C,110218,,150.75,144.4,148.4,-0.029,,8,96.796,0.037,101.792,-29.202,133.634,1,-1
,SPX 11M1115,Jan11 1115 Puts,101228,16:00:00,1115,P,110121,0.255,1.02,0.45,1.55,-0.01,9,4436,-1.293,0.023,22.75,-11.643,-2.635,0,1.25
,SPX 11N1115,Feb11 1115 Puts,101228,16:00:00,1115,P,110218,0.244,5.01,4.2,5.8,0,1,27,-4.737,0.061,77.301,-17.978,-16.807,0,5.2
,SPX 11A1120,Jan11 1120 Calls,101228,16:00:00,1120,C,110121,,137.8,137.5,141.5,0.012,,38,98.764,0.028,15.347,-6.713,71.958,1,-1
,SPX 11B1120,Feb11 1120 Calls,101228,16:00:00,1120,C,110218,,145.97,139.7,143.7,-0.029,,77,96.581,0.04,104.185,-29.325,133.498,1,-1
,SPX 11C1120,Mar11 1120 Calls,101228,16:00:00,1120,C,110318,,146.86,143.2,147.2,-0.011,,,92.614,0.07,138.685,-21.965,200.675,0.997,-1
,SPX 11F1120,Jun11 1120 Calls,101228,16:00:00,1120,C,110617,,160.84,157.2,162,-0.008,,66,86.494,0.087,258.133,-19.08,376.778,0.965,-1
,SPX 11M1120,Jan11 1120 Puts,101228,16:00:00,1120,P,110121,0.25,1.1,0.55,1.6,-0.018,,35633,-1.433,0.026,24.357,-12.16,-2.862,0,-1
,SPX 11N1120,Feb11 1120 Puts,101228,16:00:00,1120,P,110218,0.241,5.31,4.6,6.1,0.009,2,3634,-5.096,0.066,80.756,-18.651,-17.833,0,5.6
,SPX 11O1120,Mar11 1120 Puts,101228,16:00:00,1120,P,110318,0.237,10.61,9.5,11.5,-0.01,,1165,-8.107,0.085,131.808,-19.344,-41.097,0.003,-1
,SPX 11R1120,Jun11 1120 Puts,101228,16:00:00,1120,P,110617,0.245,30.05,28.2,32.1,0.003,,3460,-14.246,0.099,258.469,-18.261,-147.089,0.035,-1
,SPX 11A1125,Jan11 1125 Calls,101228,16:00:00,1125,C,110121,,132.87,132.6,136.4,0.012,,18632,98.594,0.032,17.067,-7.39,72.067,1,-1
,SPX 11B1125,Feb11 1125 Calls,101228,16:00:00,1125,C,110218,,141.2,135,138.9,-0.03,,81,96.348,0.043,106.665,-29.449,133.314,0.999,-1
,SPX 11C1125,Mar11 1125 Calls,101228,16:00:00,1125,C,110318,,142.32,138.7,142.6,-0.012,,28083,92.207,0.075,142.419,-22.259,199.944,0.995,-1
,SPX 11D1125,Apr11 1125 Calls,101228,16:00:00,1125,C,110415,,147.6,143.2,148,-0.014,,,90.077,0.082,186.859,-21.895,255.376,0.987,-1
,SPX 11F1125,Jun11 1125 Calls,101228,16:00:00,1125,C,110617,,156.71,153.1,158,-0.007,,12460,85.994,0.091,262.303,-19.212,374.835,0.959,-1
,SPX 11I1125,Sep11 1125 Calls,101228,16:00:00,1125,C,110916,,163.94,166.3,171.2,0.029,,1691,78.924,0.116,340.855,-15.561,544.968,0.917,-1
,SPX 11L1125,Dec11 1125 Calls,101228,16:00:00,1125,C,111216,0.232,179.78,176.7,181.6,-0.004,,20895,80.043,0.092,414.06,-15.009,683.036,0.882,-1
,SPX 11M1125,Jan11 1125 Puts,101228,16:00:00,1125,P,110121,0.244,1.19,1,1.25,-0.05,1560,54621,-1.591,0.03,26.097,-12.493,-3.113,0,1.15
,SPX 11N1125,Feb11 1125 Puts,101228,16:00:00,1125,P,110218,0.237,5.63,4.8,6.4,-0.002,7359,43451,-5.484,0.072,84.347,-19.136,-18.927,0.001,6.1
,SPX 11O1125,Mar11 1125 Puts,101228,16:00:00,1125,P,110318,0.237,11.12,10.8,12,0.026,2104,66514,-8.605,0.092,136.049,-20.263,-43.083,0.005,11.7
,SPX 11P1125,Apr11 1125 Puts,101228,16:00:00,1125,P,110415,0.238,17.24,15.4,19.3,0.006,,4,-11.195,0.1,181.3,-19.875,-73.018,0.013,-1
,SPX 11R1125,Jun11 1125 Puts,101228,16:00:00,1125,P,110617,0.243,31,29.2,33.1,0.006,2500,32037,-14.812,0.103,262.761,-18.421,-151.534,0.041,31.8
,SPX 11U1125,Sep11 1125 Puts,101228,16:00:00,1125,P,110916,0.248,49.03,47.2,51.1,0.002,,6885,-17.627,0.096,350.685,-16.085,-278.405,0.083,-1
,SPX 11X1125,Dec11 1125 Puts,101228,16:00:00,1125,P,111216,0.252,64.38,62.7,66.6,0.005,3000,16368,-19.162,0.089,419.137,-14.101,-411.972,0.118,65.6
,SPX 11A1130,Jan11 1130 Calls,101228,16:00:00,1130,C,110121,,127.95,127.6,131.5,0.013,,5,98.399,0.038,18.971,-8.131,72.147,1,-1
,SPX 11B1130,Feb11 1130 Calls,101228,16:00:00,1130,C,110218,,136.45,130.3,134.2,-0.031,,19,96.097,0.047,109.236,-29.573,133.077,0.999,-1
,SPX 11C1130,Mar11 1130 Calls,101228,16:00:00,1130,C,110318,,137.81,134.3,138.3,-0.011,,75,91.775,0.08,146.233,-22.552,199.122,0.994,-1
,SPX 11M1130,Jan11 1130 Puts,101228,16:00:00,1130,P,110121,0.241,1.29,0.75,1.8,-0.016,,7917,-1.769,0.034,27.979,-13.519,-3.391,0,-1
,SPX 11N1130,Feb11 1130 Puts,101228,16:00:00,1130,P,110218,0.234,5.98,5.2,6.8,0.003,,189,-5.903,0.078,88.076,-19.733,-20.095,0.001,-1
,SPX 11O1130,Mar11 1130 Puts,101228,16:00:00,1130,P,110318,0.232,11.67,10.6,12.6,-0.006,,267,-9.135,0.098,140.374,-20.26,-45.17,0.006,-1
,SPX 11A1135,Jan11 1135 Calls,101228,16:00:00,1135,C,110121,,123.04,122.8,126.6,0.013,,24,98.174,0.044,21.078,-8.939,72.191,1,-1
,SPX 11B1135,Feb11 1135 Calls,101228,16:00:00,1135,C,110218,,131.71,125.7,129.6,-0.031,,,95.825,0.051,111.901,-29.697,132.784,0.999,-1
,SPX 11C1135,Mar11 1135 Calls,101228,16:00:00,1135,C,110318,,133.32,129.8,133.7,-0.012,,24,91.314,0.086,150.124,-22.842,198.205,0.992,-1
,SPX 11M1135,Jan11 1135 Puts,101228,16:00:00,1135,P,110121,0.237,1.4,0.85,1.9,-0.014,,7816,-1.97,0.038,30.016,-14.38,-3.699,0,-1
,SPX 11N1135,Feb11 1135 Puts,101228,16:00:00,1135,P,110218,0.231,6.35,5.4,7.3,0.002,15,580,-6.357,0.085,91.943,-20.339,-21.341,0.001,6.5
,SPX 11O1135,Mar11 1135 Puts,101228,16:00:00,1135,P,110318,0.23,12.25,10.2,14.1,-0.008,,211,-9.698,0.105,144.778,-20.676,-47.361,0.008,-1
,SPX 11A1140,Jan11 1140 Calls,101228,16:00:00,1140,C,110121,,118.15,117.9,121.9,0.015,,9430,97.914,0.05,23.403,-9.82,72.197,1,-1
,SPX 11B1140,Feb11 1140 Calls,101228,16:00:00,1140,C,110218,,126.98,121.1,125,-0.031,,1,95.529,0.056,114.662,-29.821,132.43,0.998,-1
,SPX 11C1140,Mar11 1140 Calls,101228,16:00:00,1140,C,110318,,128.86,125.5,129.5,-0.011,,,90.824,0.092,154.089,-23.128,197.189,0.989,-1
,SPX 11L1140,Dec11 1140 Calls,101228,16:00:00,1140,C,111216,0.229,168.88,166,170.9,-0.003,,,78.444,0.1,426.039,-15.185,671.783,0.849,-1
,SPX 11M1140,Jan11 1140 Puts,101228,16:00:00,1140,P,110121,0.233,1.52,0.95,2.05,-0.007,86,17811,-2.197,0.044,32.22,-15.175,-4.04,0,1.7
,SPX 11N1140,Feb11 1140 Puts,101228,16:00:00,1140,P,110218,0.228,6.74,5.8,7.7,0.003,24,2011,-6.847,0.092,95.946,-20.955,-22.671,0.002,7.05
,SPX 11O1140,Mar11 1140 Puts,101228,16:00:00,1140,P,110318,0.227,12.85,10.8,14.7,-0.008,,7,-10.295,0.111,149.254,-21.089,-49.662,0.011,-1
,SPX 11X1140,Dec11 1140 Puts,101228,16:00:00,1140,P,111216,0.247,68.58,66.9,70.9,0.005,,80,-20.709,0.096,430.138,-14.175,-436.828,0.151,-1
,SPX 11A1145,Jan11 1145 Calls,101228,16:00:00,1145,C,110121,,113.27,113,116.9,0.015,,,97.615,0.058,25.965,-10.777,72.159,1,-1
,SPX 11B1145,Feb11 1145 Calls,101228,16:00:00,1145,C,110218,,122.28,116.5,120.5,-0.031,,,95.209,0.061,117.521,-29.942,132.01,0.997,-1
,SPX 11C1145,Mar11 1145 Calls,101228,16:00:00,1145,C,110318,,124.42,121.1,125,-0.011,,,90.302,0.098,158.122,-23.409,196.068,0.986,-1
,SPX 11M1145,Jan11 1145 Puts,101228,16:00:00,1145,P,110121,0.228,1.66,1.1,2.15,-0.018,,4064,-2.454,0.05,34.604,-15.892,-4.419,0,-1
,SPX 11N1145,Feb11 1145 Puts,101228,16:00:00,1145,P,110218,0.226,7.16,6.2,8.2,0.007,16,48,-7.38,0.102,100.083,-21.683,-24.09,0.003,7.4
,SPX 11O1145,Mar11 1145 Puts,101228,16:00:00,1145,P,110318,0.225,13.49,11.4,15.4,-0.007,,45,-10.929,0.119,153.795,-21.5,-52.076,0.014,-1
,SPX 11A1150,Jan11 1150 Calls,101228,16:00:00,1150,C,110121,,108.41,108.2,112,0.015,6963,29827,97.27,0.068,28.782,-11.814,72.071,1,107.8
,SPX 11B1150,Feb11 1150 Calls,101228,16:00:00,1150,C,110218,,117.59,112,116,-0.031,,572,94.86,0.066,120.48,-30.061,131.52,0.996,-1
,SPX 11C1150,Mar11 1150 Calls,101228,16:00:00,1150,C,110318,,120.02,116.8,120.8,-0.01,,19683,89.746,0.105,162.218,-23.685,194.837,0.981,-1
,SPX 11D1150,Apr11 1150 Calls,101228,16:00:00,1150,C,110415,,126.03,122.1,127.1,-0.011,,1,87.469,0.108,206.904,-22.822,248.162,0.962,-1
,SPX 11F1150,Jun11 1150 Calls,101228,16:00:00,1150,C,110617,,136.54,133.5,138.4,-0.004,,17334,82.896,0.132,282.927,-19.793,363.144,0.916,-1
,SPX 11I1150,Sep11 1150 Calls,101228,16:00:00,1150,C,110916,0.23,145.97,147.8,152.8,0.03,,4030,75.495,0.132,363.681,-17.159,525.247,0.863,-1
,SPX 11L1150,Dec11 1150 Calls,101228,16:00:00,1150,C,111216,0.227,161.76,159,164,-0.002,,34798,77.319,0.105,433.665,-15.295,663.549,0.825,-1
,SPX 11M1150,Jan11 1150 Puts,101228,16:00:00,1150,P,110121,0.227,1.81,1.75,2.05,0.039,380,96372,-2.746,0.057,37.181,-17.568,-4.84,0,1.5
,SPX 11N1150,Feb11 1150 Puts,101228,16:00:00,1150,P,110218,0.222,7.61,6.6,8.6,0,52,37077,-7.972,0.113,104.354,-22.207,-25.604,0.004,7.85
,SPX 11O1150,Mar11 1150 Puts,101228,16:00:00,1150,P,110318,0.227,14.17,13.7,16,0.049,215,53585,-11.601,0.126,158.391,-22.742,-54.609,0.019,15
,SPX 11P1150,Apr11 1150 Puts,101228,16:00:00,1150,P,110415,0.227,21.17,19.3,23.3,0.006,,205,-14.343,0.129,203.814,-21.324,-88.952,0.038,-1
,SPX 11R1150,Jun11 1150 Puts,101228,16:00:00,1150,P,110617,0.234,36.25,34.5,38.4,0.005,50,24774,-17.948,0.124,283.792,-19.14,-175.668,0.084,36
,SPX 11U1150,Sep11 1150 Puts,101228,16:00:00,1150,P,110916,0.241,55.44,53.7,57.6,0.004,,10369,-20.498,0.111,369.785,-16.406,-312.168,0.137,-1
,SPX 11X1150,Dec11 1150 Puts,101228,16:00:00,1150,P,111216,0.245,71.53,70,73.8,0.006,10,40856,-21.791,0.101,437.124,-14.262,-454.038,0.175,73
,SPX 11A1155,Jan11 1155 Calls,101228,16:00:00,1155,C,110121,,103.57,103.3,107.3,0.017,,65,96.872,0.078,31.87,-12.935,71.927,1,-1
,SPX 11B1155,Feb11 1155 Calls,101228,16:00:00,1155,C,110218,,112.92,107.5,111.4,-0.031,,,94.481,0.073,123.541,-30.176,130.953,0.994,-1
,SPX 11C1155,Mar11 1155 Calls,101228,16:00:00,1155,C,110318,,115.64,112.5,116.4,-0.01,,,89.154,0.112,166.37,-23.953,193.489,0.976,-1
,SPX 11M1155,Jan11 1155 Puts,101228,16:00:00,1155,P,110121,0.22,1.97,1.4,2.5,-0.01,34,1709,-3.077,0.065,39.965,-17.856,-5.308,0,2.05
,SPX 11N1155,Feb11 1155 Puts,101228,16:00:00,1155,P,110218,0.219,8.1,7.1,9.1,0.001,10,74,-8.617,0.123,108.755,-22.842,-27.221,0.006,8.35
,SPX 11O1155,Mar11 1155 Puts,101228,16:00:00,1155,P,110318,0.22,14.89,12.8,16.8,-0.006,,,-12.313,0.135,163.031,-22.305,-57.265,0.024,-1
,SPX 11A1160,Jan11 1160 Calls,101228,16:00:00,1160,C,110121,,98.75,98.5,102.4,0.017,,519,96.415,0.09,35.246,-14.141,71.719,1,-1
,SPX 11B1160,Feb11 1160 Calls,101228,16:00:00,1160,C,110218,,108.27,103,106.9,-0.031,,10,94.067,0.08,126.705,-30.287,130.304,0.991,-1
,SPX 11C1160,Mar11 1160 Calls,101228,16:00:00,1160,C,110318,,111.3,108.3,112.3,-0.009,,,88.523,0.12,170.57,-24.213,192.021,0.97,-1
,SPX 11M1160,Jan11 1160 Puts,101228,16:00:00,1160,P,110121,0.21,2.16,1.55,2.3,-0.106,531,22901,-3.453,0.074,42.969,-17.476,-5.829,0,2.1
,SPX 11N1160,Feb11 1160 Puts,101228,16:00:00,1160,P,110218,0.216,8.62,7.6,9.6,-0.001,21,8569,-9.314,0.134,113.28,-23.481,-28.947,0.009,8.8
,SPX 11O1160,Mar11 1160 Puts,101228,16:00:00,1160,P,110318,0.218,15.64,13.6,17.5,-0.006,,14,-13.068,0.143,167.703,-22.696,-60.05,0.03,-1
,SPX 11A1165,Jan11 1165 Calls,101228,16:00:00,1165,C,110121,,93.96,93.7,97.7,0.019,,58,95.889,0.104,38.924,-15.435,71.439,1,-1
,SPX 11B1165,Feb11 1165 Calls,101228,16:00:00,1165,C,110218,,103.65,98.6,102.6,-0.029,,,93.616,0.087,129.971,-30.39,129.565,0.987,-1
,SPX 11C1165,Mar11 1165 Calls,101228,16:00:00,1165,C,110318,,107,104,107.9,-0.01,,,87.851,0.128,174.808,-24.463,190.425,0.962,-1
,SPX 11M1165,Jan11 1165 Puts,101228,16:00:00,1165,P,110121,0.211,2.37,1.75,2.95,0,57,2923,-3.88,0.084,46.208,-20.047,-6.411,0,2.75
,SPX 11N1165,Feb11 1165 Puts,101228,16:00:00,1165,P,110218,0.213,9.19,8.2,10.2,0.002,1,21,-10.069,0.145,117.919,-24.12,-30.789,0.013,9.35
,SPX 11O1165,Mar11 1165 Puts,101228,16:00:00,1165,P,110318,0.215,16.44,14.4,18.3,-0.005,,110,-13.868,0.152,172.395,-23.077,-62.967,0.038,-1
,SPX 11A1170,Jan11 1170 Calls,101228,16:00:00,1170,C,110121,,89.2,89,92.8,0.019,750,769,95.285,0.12,42.917,-16.817,71.079,0.999,90
,SPX 11B1170,Feb11 1170 Calls,101228,16:00:00,1170,C,110218,,99.05,94.2,98.2,-0.029,,36,93.122,0.096,133.337,-30.486,128.729,0.982,-1
,SPX 11C1170,Mar11 1170 Calls,101228,16:00:00,1170,C,110318,,102.73,99.9,103.8,-0.009,,,87.136,0.137,179.074,-24.701,188.695,0.953,-1
,SPX 11M1170,Jan11 1170 Puts,101228,16:00:00,1170,P,110121,0.209,2.6,2.4,3,0.042,236,19178,-4.368,0.097,49.693,-21.744,-7.059,0.001,3
,SPX 11N1170,Feb11 1170 Puts,101228,16:00:00,1170,P,110218,0.211,9.79,9,10.8,0.011,27,940,-10.884,0.158,122.658,-24.969,-32.753,0.018,9.95
,SPX 11O1170,Mar11 1170 Puts,101228,16:00:00,1170,P,110318,0.213,17.28,15.2,19.2,-0.005,,1000,-14.714,0.162,177.09,-23.445,-66.022,0.047,-1
,SPX 11A1175,Jan11 1175 Calls,101228,16:00:00,1175,C,110121,,84.47,84.2,88,0.019,2,29467,94.592,0.138,47.233,-18.284,70.629,0.998,85.8
,SPX 11B1175,Feb11 1175 Calls,101228,16:00:00,1175,C,110218,,94.47,89.8,93.7,-0.029,2000,11412,92.582,0.105,136.802,-30.572,127.788,0.976,92
,SPX 11C1175,Mar11 1175 Calls,101228,16:00:00,1175,C,110318,,98.5,95.7,99.6,-0.009,,14790,86.298,0.182,183.355,-24.926,186.825,0.942,-1
,SPX 11D1175,Apr11 1175 Calls,101228,16:00:00,1175,C,110415,,105.32,102.1,107,-0.007,,,83.537,0.18,227.251,-23.56,237.715,0.908,-1
,SPX 11F1175,Jun11 1175 Calls,101228,16:00:00,1175,C,110617,0.221,117.35,114.7,119.6,-0.002,2000,21599,78.942,0.161,302.507,-20.181,347.765,0.848,116.8
,SPX 11I1175,Sep11 1175 Calls,101228,16:00:00,1175,C,110916,0.224,129,130.2,135.1,0.028,,6367,71.708,0.148,383.782,-17.43,502.136,0.791,-1
,SPX 11L1175,Dec11 1175 Calls,101228,16:00:00,1175,C,111216,0.221,144.53,142.1,147,0,,17344,74.298,0.118,451.164,-15.452,640.387,0.755,-1
,SPX 11M1175,Jan11 1175 Puts,101228,16:00:00,1175,P,110121,0.201,2.86,2.5,3,-0.035,7290,92762,-4.924,0.111,53.436,-21.715,-7.783,0.002,3
,SPX 11N1175,Feb11 1175 Puts,101228,16:00:00,1175,P,110218,0.209,10.44,10,11.4,0.026,300,43258,-11.766,0.171,127.484,-25.809,-34.847,0.024,11
,SPX 11O1175,Mar11 1175 Puts,101228,16:00:00,1175,P,110318,0.212,18.17,16.8,20,0.014,200,34678,-15.61,0.172,181.773,-24.127,-69.219,0.058,19
,SPX 11P1175,Apr11 1175 Puts,101228,16:00:00,1175,P,110415,0.217,26.07,24.2,28.1,0.003,600,3300,-18.309,0.165,226.046,-22.546,-108.133,0.092,-1
,SPX 11R1175,Jun11 1175 Puts,101228,16:00:00,1175,P,110617,0.224,42.44,41.1,42.9,-0.009,100,15819,-21.64,0.149,303.343,-19.52,-203.132,0.152,43.2
,SPX 11U1175,Sep11 1175 Puts,101228,16:00:00,1175,P,110916,0.234,62.69,61,64.8,0.003,5,3440,-23.726,0.127,386.957,-16.601,-349.191,0.209,62.3
,SPX 11X1175,Dec11 1175 Puts,101228,16:00:00,1175,P,111216,0.239,79.43,77.8,81.7,0.004,,17574,-24.675,0.113,453.121,-14.299,-499.296,0.245,-1
,SPX 11A1180,Jan11 1180 Calls,101228,16:00:00,1180,C,110121,,79.79,79.5,83.2,0.02,2,4452,93.798,0.159,51.876,-19.834,70.078,0.997,-1
,SPX 11B1180,Feb11 1180 Calls,101228,16:00:00,1180,C,110218,,89.93,85.5,89.4,-0.028,,2950,91.991,0.116,140.361,-30.645,126.732,0.968,-1
,SPX 11C1180,Mar11 1180 Calls,101228,16:00:00,1180,C,110318,,94.33,91.7,95.6,-0.007,,32,85.281,0.198,187.651,-25.143,184.795,0.929,-1
,SPX 11M1180,Jan11 1180 Puts,101228,16:00:00,1180,P,110121,0.199,3.15,2.4,4,0.016,96,20107,-5.563,0.13,57.445,-23.83,-8.591,0.003,3.2
,SPX 11N1180,Feb11 1180 Puts,101228,16:00:00,1180,P,110218,0.205,11.14,10.1,12.1,-0.001,23,5740,-12.718,0.185,132.377,-26.006,-37.077,0.032,11.65
,SPX 11O1180,Mar11 1180 Puts,101228,16:00:00,1180,P,110318,0.208,19.11,17.1,21,-0.001,1,1111,-16.557,0.183,186.424,-24.219,-72.562,0.071,20
,SPX 11A1185,Jan11 1185 Calls,101228,16:00:00,1185,C,110121,,75.15,74.8,78.7,0.021,2,1812,92.89,0.182,56.841,-21.459,69.416,0.995,-1
,SPX 11B1185,Feb11 1185 Calls,101228,16:00:00,1185,C,110218,,85.43,81.3,85.3,-0.025,,42,91.341,0.128,144.008,-30.702,125.553,0.958,-1
,SPX 11C1185,Mar11 1185 Calls,101228,16:00:00,1185,C,110318,,90.21,87.7,91.6,-0.006,,,84.194,0.211,191.946,-25.351,182.597,0.914,-1
,SPX 11M1185,Jan11 1185 Puts,101228,16:00:00,1185,P,110121,0.193,3.48,2.7,4.1,-0.023,11,12915,-6.329,0.156,61.735,-24.314,-9.497,0.005,3.4
,SPX 11N1185,Feb11 1185 Puts,101228,16:00:00,1185,P,110218,0.202,11.89,10.9,12.9,0.001,,2384,-13.744,0.201,137.316,-26.61,-39.45,0.042,-1
,SPX 11O1185,Mar11 1185 Puts,101228,16:00:00,1185,P,110318,0.206,20.1,18,22,-0.005,,,-17.558,0.194,191.024,-24.457,-76.056,0.086,-1
,SPX 11A1190,Jan11 1190 Calls,101228,16:00:00,1190,C,110121,,70.56,70.2,74.1,0.021,10,467,91.854,0.209,62.12,-23.152,68.632,0.992,70.3
,SPX 11B1190,Feb11 1190 Calls,101228,16:00:00,1190,C,110218,,80.95,77.1,81.1,-0.023,,2760,90.513,0.209,147.733,-30.742,124.239,0.945,-1
,SPX 11C1190,Mar11 1190 Calls,101228,16:00:00,1190,C,110318,,86.15,83.7,87.6,-0.006,,5037,83.039,0.225,196.215,-25.548,180.226,0.897,-1
,SPX 11F1190,Jun11 1190 Calls,,,1190,C,110617,,106.38,,,,,,76.233,0.179,313.2,-20.401,336.674,0.794,
,SPX 11M1190,Jan11 1190 Puts,101228,16:00:00,1190,P,110121,0.194,3.86,3.7,4.6,0.07,119,7003,-7.219,0.18,66.317,-27.358,-10.513,0.008,3.8
,SPX 11N1190,Feb11 1190 Puts,101228,16:00:00,1190,P,110218,0.198,12.7,10.7,14.6,-0.004,2,1539,-14.851,0.217,142.275,-27.091,-41.973,0.055,-1
,SPX 11O1190,Mar11 1190 Puts,101228,16:00:00,1190,P,110318,0.203,21.15,19.1,23,-0.005,,8949,-18.614,0.205,195.549,-24.754,-79.704,0.103,-1
,SPX 11R1190,Jun11 1190 Puts,,,1190,P,110617,,46.65,,,,,,-24.141,0.165,313.865,-19.828,-221.27,0.206,
,SPX 11A1195,Jan11 1195 Calls,101228,16:00:00,1195,C,110121,,66.03,65.7,69.7,0.025,,768,90.674,0.239,67.69,-24.898,67.711,0.987,-1
,SPX 11B1195,Feb11 1195 Calls,101228,16:00:00,1195,C,110218,,76.54,72.9,76.8,-0.022,,,89.244,0.26,151.557,-30.783,122.759,0.93,-1
,SPX 11C1195,Mar11 1195 Calls,101228,16:00:00,1195,C,110318,0.201,82.15,79.8,83.7,-0.005,,,81.813,0.24,200.432,-25.415,177.676,0.878,-1
,SPX 11M1195,Jan11 1195 Puts,101228,16:00:00,1195,P,110121,0.186,4.28,3.5,5.1,0.007,46,4122,-8.24,0.207,71.185,-27.606,-11.653,0.013,4.55
,SPX 11N1195,Feb11 1195 Puts,101228,16:00:00,1195,P,110218,0.196,13.57,11.6,15.5,-0.001,,93,-16.043,0.235,147.224,-27.753,-44.653,0.07,-1
,SPX 11O1195,Mar11 1195 Puts,101228,16:00:00,1195,P,110318,0.201,22.25,20.2,24.1,-0.004,,24,-19.728,0.217,199.976,-25.028,-83.511,0.122,-1
,SPX 11A1200,Jan11 1200 Calls,101228,16:00:00,1200,C,110121,,61.56,61.1,65,0.024,1133,153949,89.333,0.272,73.518,-26.681,66.642,0.979,63.1
,SPX 11B1200,Feb11 1200 Calls,101228,16:00:00,1200,C,110218,,72.2,68.8,72.7,-0.021,763,86909,87.813,0.284,155.471,-30.835,121.088,0.912,69.1
,SPX 11C1200,Mar11 1200 Calls,101228,16:00:00,1200,C,110318,0.199,78.22,76,79.9,-0.003,,84069,80.514,0.255,204.569,-25.662,174.944,0.857,-1
,SPX 11D1200,Apr11 1200 Calls,101228,16:00:00,1200,C,110415,0.206,85.88,83.6,87.6,-0.003,,101,78.106,0.232,246.539,-23.938,223.24,0.815,-1
,SPX 11F1200,Jun11 1200 Calls,101228,16:00:00,1200,C,110617,0.212,99.31,97.4,101.3,0,,76410,74.282,0.192,319.678,-20.465,328.494,0.753,-1
,SPX 11I1200,Sep11 1200 Calls,101228,16:00:00,1200,C,110916,0.217,113.08,113.3,118.3,0.024,,3884,67.583,0.163,400.256,-17.543,475.845,0.702,-1
,SPX 11L1200,Dec11 1200 Calls,101228,16:00:00,1200,C,111216,0.215,128.14,125.8,130.7,0.001,100,72273,70.972,0.133,465.868,-15.466,613.567,0.673,128
,SPX 11M1200,Jan11 1200 Puts,101228,16:00:00,1200,P,110121,0.182,4.76,4.5,5,-0.002,2407,186364,-9.41,0.238,76.322,-28.832,-12.932,0.021,4.75
,SPX 11N1200,Feb11 1200 Puts,101228,16:00:00,1200,P,110218,0.191,14.51,13.6,14.7,-0.023,106,113557,-17.325,0.253,152.129,-27.872,-47.496,0.088,14.5
,SPX 11O1200,Mar11 1200 Puts,101228,16:00:00,1200,P,110318,0.203,23.41,23,25.2,0.03,2554,65585,-20.902,0.23,204.278,-25.9,-87.48,0.143,24.35
,SPX 11P1200,Apr11 1200 Puts,101228,16:00:00,1200,P,110415,0.206,32.16,30.3,34.2,0.004,300,6472,-23.24,0.208,246.281,-23.387,-130.929,0.185,33
,SPX 11R1200,Jun11 1200 Puts,101228,16:00:00,1200,P,110617,0.217,49.69,48.1,51.7,0.004,540,36554,-25.933,0.176,320.196,-19.958,-234.061,0.247,49.5
,SPX 11U1200,Sep11 1200 Puts,101228,16:00:00,1200,P,110916,0.227,70.85,69,72.9,0.001,2000,6481,-27.323,0.144,401.423,-16.645,-389.486,0.298,71
,SPX 11X1200,Dec11 1200 Puts,101228,16:00:00,1200,P,111216,0.232,88.14,86.4,88.9,-0.004,100,54388,-27.818,0.125,466.574,-14.199,-547.703,0.327,91
,SPX 11A1205,Jan11 1205 Calls,101228,16:00:00,1205,C,110121,,57.17,56.7,60.6,0.026,,218,87.815,0.309,79.558,-28.48,65.412,0.968,-1
,SPX 11B1205,Feb11 1205 Calls,101228,16:00:00,1205,C,110218,0.193,67.93,64.8,68.7,-0.017,,6,86.257,0.311,159.443,-29.386,119.216,0.89,-1
,SPX 11C1205,Mar11 1205 Calls,101228,16:00:00,1205,C,110318,0.197,74.36,72.2,76.1,-0.003,,,79.139,0.271,208.591,-25.888,172.026,0.833,-1
,SPX 11M1205,Jan11 1205 Puts,101228,16:00:00,1205,P,110121,0.178,5.31,4.5,6.1,-0.002,43,1971,-10.749,0.274,81.7,-30.235,-14.363,0.032,5.3
,SPX 11N1205,Feb11 1205 Puts,101228,16:00:00,1205,P,110218,0.19,15.51,13.5,17.4,-0.004,,5002,-18.702,0.273,156.952,-28.667,-50.509,0.11,-1
,SPX 11O1205,Mar11 1205 Puts,101228,16:00:00,1205,P,110318,0.196,24.64,22.6,26.5,-0.004,,,-22.139,0.243,208.427,-25.49,-91.614,0.167,-1
,SPX 11A1210,Jan11 1210 Calls,101228,16:00:00,1210,C,110121,,52.87,52.3,56,0.023,13,3587,86.101,0.349,85.747,-30.268,64.008,0.953,52.6
,SPX 11B1210,Feb11 1210 Calls,101228,16:00:00,1210,C,110218,0.19,63.75,60.9,64.8,-0.015,13,1009,84.566,0.339,163.43,-29.753,117.132,0.865,61.3
,SPX 11C1210,Mar11 1210 Calls,101228,16:00:00,1210,C,110318,0.194,70.57,68.5,72.4,-0.002,,,77.686,0.287,212.467,-26.089,168.92,0.807,-1
,SPX 11M1210,Jan11 1210 Puts,101228,16:00:00,1210,P,110121,0.174,5.93,5.1,6.7,-0.002,215,24252,-12.279,0.314,87.277,-31.633,-15.963,0.047,6.3
,SPX 11N1210,Feb11 1210 Puts,101228,16:00:00,1210,P,110218,0.188,16.59,14.6,18.5,-0.001,1,4056,-20.179,0.294,161.65,-29.211,-53.696,0.135,17.05
,SPX 11O1210,Mar11 1210 Puts,101228,16:00:00,1210,P,110318,0.194,25.93,23.9,27.7,-0.005,,206,-23.439,0.256,212.393,-25.673,-95.915,0.193,-1
,SPX 11A1215,Jan11 1215 Calls,101228,16:00:00,1215,C,110121,,48.65,48,52,0.028,9,2172,84.173,0.394,92.003,-32.014,62.418,0.933,49.9
,SPX 11B1215,Feb11 1215 Calls,101228,16:00:00,1215,C,110218,0.187,59.66,57,60.9,-0.012,,5,82.731,0.369,167.379,-30.101,114.827,0.837,-1
,SPX 11C1215,Mar11 1215 Calls,101228,16:00:00,1215,C,110318,0.192,66.86,64.8,68.7,-0.002,,37,76.154,0.304,216.157,-26.185,165.623,0.779,-1
,SPX 11M1215,Jan11 1215 Puts,101228,16:00:00,1215,P,110121,0.169,6.64,5.6,7.6,-0.005,17,3966,-14.023,0.359,92.99,-32.843,-17.747,0.067,6.9
,SPX 11N1215,Feb11 1215 Puts,101228,16:00:00,1215,P,110218,0.184,17.75,15.7,19.6,-0.006,,35,-21.761,0.316,166.174,-29.502,-57.063,0.163,-1
,SPX 11O1215,Mar11 1215 Puts,101228,16:00:00,1215,P,110318,0.192,27.29,25.2,29.1,-0.005,,500,-24.806,0.27,216.143,-25.82,-100.385,0.221,-1
,SPX 11A1220,Jan11 1220 Calls,101228,16:00:00,1220,C,110121,,44.55,43.8,47.5,0.025,1,3895,82.014,0.442,98.226,-33.681,60.631,0.906,46.2
,SPX 11B1220,Feb11 1220 Calls,101228,16:00:00,1220,C,110218,0.184,55.67,53.3,57.2,-0.009,1,307,80.744,0.4,171.232,-30.423,112.292,0.805,53.6
,SPX 11C1220,Mar11 1220 Calls,101228,16:00:00,1220,C,110318,0.19,63.23,61.3,65.2,0,,435,74.541,0.321,219.623,-26.326,162.135,0.748,-1
,SPX 11M1220,Jan11 1220 Puts,101228,16:00:00,1220,P,110121,0.169,7.44,7.3,8.2,0.04,112,16686,-16.007,0.409,98.758,-35.244,-19.731,0.094,7.5
,SPX 11N1220,Feb11 1220 Puts,101228,16:00:00,1220,P,110218,0.182,18.99,17,20.8,-0.003,1,895,-23.452,0.339,170.471,-29.832,-60.613,0.195,19.6
,SPX 11O1220,Mar11 1220 Puts,101228,16:00:00,1220,P,110318,0.189,28.72,26.6,30.5,-0.006,,1637,-26.24,0.285,219.644,-25.853,-105.025,0.252,-1
,SPX 11A1225,Jan11 1225 Calls,101228,16:00:00,1225,C,110121,0.168,40.56,39.7,42.8,0.017,82,62730,79.607,0.494,104.293,-37.212,58.638,0.872,41.4
,SPX 11B1225,Feb11 1225 Calls,101228,16:00:00,1225,C,110218,0.182,51.79,49.6,53.5,-0.005,7,13771,78.598,0.434,174.92,-30.708,109.523,0.77,51
,SPX 11C1225,Mar11 1225 Calls,101228,16:00:00,1225,C,110318,0.187,59.69,57.8,61.7,0,4,32086,72.847,0.338,222.824,-26.357,158.457,0.716,59
,SPX 11D1225,Apr11 1225 Calls,101228,16:00:00,1225,C,110415,0.196,68.04,66.1,70,0,,100,71.353,0.29,262.194,-24.165,204.424,0.682,-1
,SPX 11F1225,Jun11 1225 Calls,101228,16:00:00,1225,C,110617,0.204,82.59,80.8,84.8,0.003,,15635,68.888,0.224,332.798,-20.468,305.328,0.635,-1
,SPX 11I1225,Sep11 1225 Calls,101228,16:00:00,1225,C,110916,0.21,98.28,97.9,101.8,0.016,,4611,63.155,0.178,412.261,-17.433,446.7,0.602,-1
,SPX 11L1225,Dec11 1225 Calls,101228,16:00:00,1225,C,111216,0.21,112.67,110.3,115.3,0.001,,10725,67.344,0.147,477.062,-15.39,583.193,0.585,-1
,SPX 11M1225,Jan11 1225 Puts,101228,16:00:00,1225,P,110121,0.163,8.35,8.1,8.7,0.006,1486,47150,-18.255,0.465,104.474,-35.673,-21.931,0.128,8.5
,SPX 11N1225,Feb11 1225 Puts,101228,16:00:00,1225,P,110218,0.183,20.32,19.5,22.2,0.024,219,11411,-25.256,0.362,174.483,-30.761,-64.35,0.23,20.1
,SPX 11O1225,Mar11 1225 Puts,101228,16:00:00,1225,P,110318,0.185,30.23,28,31,-0.023,5,24013,-27.742,0.299,222.86,-25.62,-109.837,0.284,30
,SPX 11P1225,Apr11 1225 Puts,101228,16:00:00,1225,P,110415,0.196,39.68,37.7,41.6,0,1600,2347,-29.263,0.257,262.197,-23.606,-157.569,0.318,40.1
,SPX 11R1225,Jun11 1225 Puts,101228,16:00:00,1225,P,110617,0.209,58.15,56.1,60.1,0,1,13990,-30.858,0.204,332.941,-19.882,-268.467,0.365,59.5
,SPX 11U1225,Sep11 1225 Puts,101228,16:00:00,1225,P,110916,0.22,79.99,78,81.9,-0.001,,1826,-31.292,0.161,412.352,-16.475,-432.979,0.398,-1
,SPX 11X1225,Dec11 1225 Puts,101228,16:00:00,1225,P,111216,0.227,97.7,95.8,99.8,0.001,,4151,-31.215,0.137,476.918,-14.083,-599.142,0.415,-1
,SPX 11A1230,Jan11 1230 Calls,101228,16:00:00,1230,C,110121,0.168,36.7,35.7,39.7,0.027,12,9497,76.937,0.548,110.063,-39.288,56.431,0.831,37.75
,SPX 11B1230,Feb11 1230 Calls,101228,16:00:00,1230,C,110218,0.179,48.02,46,49.9,-0.001,,1882,76.288,0.468,178.366,-30.853,106.514,0.732,-1
,SPX 11C1230,Mar11 1230 Calls,101228,16:00:00,1230,C,110318,0.185,56.24,54.3,58.3,0.001,915,13648,71.071,0.355,225.717,-26.352,154.59,0.682,56
,SPX 11M1230,Jan11 1230 Puts,101228,16:00:00,1230,P,110121,0.155,9.39,8.3,9.7,-0.039,1860,28385,-20.791,0.525,110.003,-35.54,-24.359,0.169,9.5
,SPX 11N1230,Feb11 1230 Puts,101228,16:00:00,1230,P,110218,0.175,21.75,19.7,23,-0.017,301,21996,-27.178,0.387,178.149,-29.994,-68.275,0.268,22
,SPX 11O1230,Mar11 1230 Puts,101228,16:00:00,1230,P,110318,0.184,31.82,29.6,33.6,-0.006,915,15949,-29.315,0.314,225.754,-25.94,-114.818,0.318,32.5
,SPX 11A1235,Jan11 1235 Calls,101228,16:00:00,1235,C,110121,0.163,32.99,31.9,35.8,0.024,2,3097,73.992,0.605,115.373,-39.805,54.009,0.783,32.65
,SPX 11B1235,Feb11 1235 Calls,101228,16:00:00,1235,C,110218,0.176,44.38,42.5,46.4,0.002,,613,73.81,0.503,181.486,-30.943,103.267,0.691,-1
,SPX 11C1235,Mar11 1235 Calls,101228,16:00:00,1235,C,110318,0.183,52.88,51,55,0.002,,24042,69.214,0.372,228.258,-26.379,150.538,0.647,-1
,SPX 11M1235,Jan11 1235 Puts,101228,16:00:00,1235,P,110121,0.153,10.56,9.5,11.3,-0.014,61,4251,-23.638,0.591,115.185,-37.033,-27.026,0.217,10.7
,SPX 11N1235,Feb11 1235 Puts,101228,16:00:00,1235,P,110218,0.173,23.28,21.1,25.1,-0.008,,921,-29.218,0.412,181.402,-30.281,-72.389,0.309,-1
,SPX 11O1235,Mar11 1235 Puts,101228,16:00:00,1235,P,110318,0.182,33.49,31.3,35.2,-0.007,,23493,-30.959,0.33,228.287,-25.912,-119.969,0.353,-1
,SPX 11A1240,Jan11 1240 Calls,101228,16:00:00,1240,C,110121,0.159,29.43,28.3,31.9,0.023,89,17223,70.766,0.664,120.044,-40.225,51.371,0.727,30.2
,SPX 11B1240,Feb11 1240 Calls,101228,16:00:00,1240,C,110218,0.174,40.86,39.1,43.1,0.006,32,1027,71.165,0.538,184.19,-30.97,99.783,0.647,41.1
,SPX 11C1240,Mar11 1240 Calls,101228,16:00:00,1240,C,110318,0.181,49.61,47.8,51.7,0.003,1275,33460,67.278,0.389,230.403,-26.288,146.306,0.61,50
,SPX 11M1240,Jan11 1240 Puts,101228,16:00:00,1240,P,110121,0.151,11.88,10.9,12.8,-0.002,85,29188,-26.817,0.66,119.829,-38.11,-29.94,0.273,12
,SPX 11N1240,Feb11 1240 Puts,101228,16:00:00,1240,P,110218,0.171,24.92,22.7,26.7,-0.009,,984,-31.38,0.438,184.172,-30.284,-76.689,0.353,-1
,SPX 11O1240,Mar11 1240 Puts,101228,16:00:00,1240,P,110318,0.18,35.25,33.1,37,-0.006,3375,34704,-32.674,0.345,230.421,-25.833,-125.287,0.39,35
,SPX 11A1245,Jan11 1245 Calls,101228,16:00:00,1245,C,110121,0.156,26.05,24.7,28.7,0.025,64,14026,67.257,0.722,123.884,-40.765,48.522,0.666,26.6
,SPX 11B1245,Feb11 1245 Calls,101228,16:00:00,1245,C,110218,0.17,37.49,35.8,39.8,0.008,49,373,68.356,0.572,186.384,-30.741,96.07,0.602,37.7
,SPX 11C1245,Mar11 1245 Calls,101228,16:00:00,1245,C,110318,0.178,46.45,44.6,48.5,0.002,,4926,65.264,0.406,232.108,-26.15,141.9,0.573,-1
,SPX 11M1245,Jan11 1245 Puts,101228,16:00:00,1245,P,110121,0.148,13.38,11.4,15.3,0.003,1,6015,-30.341,0.732,123.718,-38.591,-33.101,0.334,14.75
,SPX 11N1245,Feb11 1245 Puts,101228,16:00:00,1245,P,110218,0.168,26.67,24.4,28.4,-0.008,1,79,-33.665,0.464,186.388,-30.185,-81.172,0.398,27.7
,SPX 11O1245,Mar11 1245 Puts,101228,16:00:00,1245,P,110318,0.177,37.09,34.8,38.8,-0.008,,4347,-34.461,0.361,232.116,-25.626,-130.769,0.427,-1
,SPX 11A1250,Jan11 1250 Calls,101228,16:00:00,1250,C,110121,0.149,22.85,22,23.9,0.005,8412,73906,63.467,0.78,126.696,-39.717,45.476,0.6,23.3
,SPX 11B1250,Feb11 1250 Calls,101228,16:00:00,1250,C,110218,0.168,34.25,32.7,36.6,0.012,4023,44353,65.389,0.605,187.973,-30.525,92.139,0.555,35
,SPX 11C1250,Mar11 1250 Calls,101228,16:00:00,1250,C,110318,0.176,43.39,41.5,45.4,0.001,7722,46824,63.176,0.421,233.33,-25.889,137.328,0.535,43
,SPX 11D1250,Apr11 1250 Calls,101228,16:00:00,1250,C,110415,0.186,52.11,50.2,54.2,0.002,210,470,63.257,0.347,270.955,-23.704,181.395,0.522,53
,SPX 11F1250,Jun11 1250 Calls,101228,16:00:00,1250,C,110617,0.196,67.34,65.5,69.5,0.003,600,66823,62.788,0.255,340.097,-20.074,278.534,0.506,68.4
,SPX 11I1250,Sep11 1250 Calls,101228,16:00:00,1250,C,110916,0.204,84.66,83,87,0.004,600,12106,58.479,0.19,419.077,-17.117,415.186,0.496,85.9
,SPX 11L1250,Dec11 1250 Calls,101228,16:00:00,1250,C,111216,0.204,98.16,96.2,100.2,0,851,27812,63.426,0.161,484.031,-15.113,549.521,0.494,97.3
,SPX 11M1250,Jan11 1250 Puts,101228,16:00:00,1250,P,110121,0.146,15.06,14.5,16,0.013,2339,23484,-34.218,0.805,126.616,-38.851,-36.505,0.4,15.5
,SPX 11N1250,Feb11 1250 Puts,101228,16:00:00,1250,P,110218,0.169,28.54,28,30.2,0.019,1856,5883,-36.073,0.49,187.977,-30.704,-85.833,0.445,28.5
,SPX 11O1250,Mar11 1250 Puts,101228,16:00:00,1250,P,110318,0.176,39.03,36.8,40.8,-0.005,8163,20019,-36.318,0.375,233.33,-25.509,-136.411,0.465,39.5
,SPX 11P1250,Apr11 1250 Puts,101228,16:00:00,1250,P,110415,0.186,48.9,46.8,50.7,-0.002,503,1393,-36.453,0.308,270.953,-23.084,-188.017,0.478,50
,SPX 11R1250,Jun11 1250 Puts,101228,16:00:00,1250,P,110617,0.201,67.96,65.9,69.8,-0.001,1106,8943,-36.412,0.233,340.056,-19.483,-306.166,0.494,69
,SPX 11U1250,Sep11 1250 Puts,101228,16:00:00,1250,P,110916,0.213,90.21,88,92,-0.002,1,2358,-35.62,0.179,418.904,-16.11,-479.44,0.504,91
,SPX 11X1250,Dec11 1250 Puts,101228,16:00:00,1250,P,111216,0.221,108.18,105.6,110.6,-0.001,100,9248,-34.854,0.149,483.606,-13.81,-653.401,0.506,108.3
,SPX 11A1255,Jan11 1255 Calls,101228,16:00:00,1255,C,110121,0.148,19.84,18.2,22.2,0.019,36,9203,59.413,0.833,128.286,-40.046,42.249,0.532,20.35
,SPX 11B1255,Feb11 1255 Calls,101228,16:00:00,1255,C,110218,0.165,31.18,29.7,33.7,0.016,5,64,62.279,0.634,188.865,-30.22,88.013,0.508,31.05
,SPX 11C1255,Mar11 1255 Calls,101228,16:00:00,1255,C,110318,0.174,40.43,38.6,42.4,0.002,7643,12260,61.02,0.436,234.026,-25.722,132.618,0.497,41
,SPX 11M1255,Jan11 1255 Puts,101228,16:00:00,1255,P,110121,0.138,16.95,14.8,18.3,-0.023,6,677,-38.442,0.876,128.277,-37.211,-40.138,0.468,16.7
,SPX 11N1255,Feb11 1255 Puts,101228,16:00:00,1255,P,110218,0.162,30.53,28.3,32.3,-0.008,5,1049,-38.596,0.515,188.864,-29.555,-90.657,0.492,30.1
,SPX 11O1255,Mar11 1255 Puts,101228,16:00:00,1255,P,110318,0.173,41.06,38.8,42.8,-0.006,7831,12257,-38.243,0.39,234.024,-25.259,-142.188,0.503,41
,SPX 11A1260,Jan11 1260 Calls,101228,16:00:00,1260,C,110121,0.142,17.05,16.1,17.8,-0.005,2137,30951,55.122,0.882,128.472,-38.441,38.878,0.462,17.35
,SPX 11B1260,Feb11 1260 Calls,101228,16:00:00,1260,C,110218,0.167,28.26,28.6,30.8,0.05,16,1824,59.037,0.661,188.977,-30.645,83.717,0.461,29.05
,SPX 11C1260,Mar11 1260 Calls,101228,16:00:00,1260,C,110318,0.172,37.59,35.7,39.6,0.002,1,38,58.798,0.451,234.161,-25.427,127.766,0.459,-1
,SPX 11M1260,Jan11 1260 Puts,101228,16:00:00,1260,P,110121,0.143,19.05,18.6,20.9,0.036,92,3756,-42.992,0.943,128.455,-38.648,-43.967,0.538,19.4
,SPX 11N1260,Feb11 1260 Puts,101228,16:00:00,1260,P,110218,0.16,32.65,30.5,34.4,-0.006,14,1733,-41.235,0.54,188.98,-29.194,-95.63,0.539,32.9
,SPX 11O1260,Mar11 1260 Puts,101228,16:00:00,1260,P,110318,0.171,43.19,40.9,44.9,-0.007,,2,-40.236,0.406,234.162,-24.947,-148.111,0.541,-1
,SPX 11A1265,Jan11 1265 Calls,101228,16:00:00,1265,C,110121,0.142,14.47,12.7,16.7,0.017,456,12196,50.621,0.923,127.104,-37.998,35.381,0.395,15
,SPX 11B1265,Feb11 1265 Calls,101228,16:00:00,1265,C,110218,0.16,25.5,24.1,28.1,0.023,6,35,55.682,0.684,188.234,-29.234,79.26,0.415,25.8
,SPX 11C1265,Mar11 1265 Calls,101228,16:00:00,1265,C,110318,0.17,34.86,32.9,36.9,0,6,25,56.515,0.465,233.698,-25.003,122.775,0.421,34
,SPX 11M1265,Jan11 1265 Puts,101228,16:00:00,1265,P,110121,0.133,21.4,19.4,23.3,-0.002,9,588,-47.842,1.002,126.932,-35.667,-47.969,0.605,21.5
,SPX 11N1265,Feb11 1265 Puts,101228,16:00:00,1265,P,110218,0.157,34.91,32.7,36.6,-0.007,,,-43.988,0.564,188.257,-28.521,-100.755,0.585,-1
,SPX 11O1265,Mar11 1265 Puts,101228,16:00:00,1265,P,110318,0.169,45.42,43.2,47.2,-0.005,,,-42.298,0.421,233.704,-24.572,-154.18,0.579,-1
,SPX 11A1270,Jan11 1270 Calls,101228,16:00:00,1270,C,110121,0.14,12.13,12,13,0.031,21,28564,45.961,0.953,124.078,-36.691,31.812,0.33,12.45
,SPX 11B1270,Feb11 1270 Calls,101228,16:00:00,1270,C,110218,0.158,22.92,21.5,25.4,0.023,6,2636,52.239,0.702,186.58,-28.545,74.687,0.37,23.15
,SPX 11C1270,Mar11 1270 Calls,101228,16:00:00,1270,C,110318,0.168,32.24,30.3,34.3,0.002,,205,54.178,0.476,232.607,-24.595,117.676,0.385,-1
,SPX 11M1270,Jan11 1270 Puts,101228,16:00:00,1270,P,110121,0.131,23.99,22,25.9,-0.001,3,1507,-52.933,1.048,123.537,-33.962,-52.086,0.67,24.35
,SPX 11N1270,Feb11 1270 Puts,101228,16:00:00,1270,P,110218,0.155,37.31,35.1,39,-0.007,,5,-46.842,0.586,186.636,-27.808,-106.001,0.63,-1
,SPX 11O1270,Mar11 1270 Puts,101228,16:00:00,1270,P,110318,0.167,47.76,45.6,49.5,-0.004,,,-44.423,0.435,232.618,-24.132,-160.369,0.615,-1
,SPX 11A1275,Jan11 1275 Calls,101228,16:00:00,1275,C,110121,0.136,10.01,9.4,10.9,0.015,1696,38851,41.2,0.971,119.348,-34.074,28.219,0.27,10.3
,SPX 11B1275,Feb11 1275 Calls,101228,16:00:00,1275,C,110218,0.155,20.51,19.1,22.9,0.024,3955,16072,48.737,0.714,183.979,-27.66,70.034,0.327,21
,SPX 11C1275,Mar11 1275 Calls,101228,16:00:00,1275,C,110318,0.166,29.75,27.8,31.7,0,507,30173,51.797,0.486,230.866,-24.13,112.488,0.349,29.5
,SPX 11D1275,Apr11 1275 Calls,101228,16:00:00,1275,C,110415,0.177,38.36,36.4,40.4,0.001,,,54.006,0.393,269.5,-22.328,154.914,0.362,-1
,SPX 11F1275,Jun11 1275 Calls,101228,16:00:00,1275,C,110617,0.189,53.71,51.8,55.7,0,3650,5361,56.07,0.283,339.918,-19.232,248.669,0.379,52.6
,SPX 11I1275,Sep11 1275 Calls,101228,16:00:00,1275,C,110916,0.197,72.24,69.3,73.3,-0.013,,6327,53.615,0.2,420.194,-16.578,381.825,0.393,-1
,SPX 11L1275,Dec11 1275 Calls,101228,16:00:00,1275,C,111216,0.199,84.68,82.6,86.6,-0.001,,8087,59.235,0.174,486.129,-14.726,512.836,0.405,-1
,SPX 11M1275,Jan11 1275 Puts,101228,16:00:00,1275,P,110121,0.127,26.83,24.9,28.8,0.001,14,520,-58.192,1.078,118.173,-31.638,-56.258,0.73,26.9
,SPX 11N1275,Feb11 1275 Puts,101228,16:00:00,1275,P,110218,0.153,39.85,37.7,41.6,-0.005,,1335,-49.788,0.605,184.066,-27.056,-111.347,0.673,-1
,SPX 11O1275,Mar11 1275 Puts,101228,16:00:00,1275,P,110318,0.165,50.2,48,52,-0.003,1,1509,-46.607,0.448,230.872,-23.703,-166.667,0.651,51
,SPX 11P1275,Apr11 1275 Puts,101228,16:00:00,1275,P,110415,0.177,60.07,57.9,61.9,-0.003,,,-44.771,0.358,269.517,-21.726,-221.804,0.638,-1
,SPX 11R1275,Jun11 1275 Puts,101228,16:00:00,1275,P,110617,0.193,79.24,77.1,81,-0.002,1,1107,-42.554,0.26,340.067,-18.616,-346.764,0.621,80.6
,SPX 11U1275,Sep11 1275 Puts,101228,16:00:00,1275,P,110916,0.207,101.56,99.3,103.2,-0.003,,126,-40.283,0.195,420.309,-15.574,-528.588,0.607,-1
,SPX 11X1275,Dec11 1275 Puts,101228,16:00:00,1275,P,111216,0.215,119.59,116.9,121.8,-0.002,1,2501,-38.719,0.161,486.145,-13.372,-710.23,0.595,119.8
,SPX 11A1280,Jan11 1280 Calls,101228,16:00:00,1280,C,110121,0.132,8.14,7.3,8.9,-0.004,46,18513,36.407,0.974,112.941,-31.298,24.655,0.217,8.4
,SPX 11B1280,Feb11 1280 Calls,101228,16:00:00,1280,C,110218,0.153,18.27,16.8,20.7,0.026,,3058,45.206,0.719,180.418,-26.768,65.341,0.286,-1
,SPX 11C1280,Mar11 1280 Calls,101228,16:00:00,1280,C,110318,0.163,27.36,25.4,29.2,-0.002,,21,49.379,0.495,228.457,-23.53,107.229,0.315,-1
,SPX 11M1280,Jan11 1280 Puts,101228,16:00:00,1280,P,110121,0.125,29.94,28,31.9,0.003,62,3089,-63.529,1.087,110.846,-29.185,-60.414,0.783,31.75
,SPX 11N1280,Feb11 1280 Puts,101228,16:00:00,1280,P,110218,0.151,42.53,40.4,44.4,-0.003,,40,-52.813,0.622,180.51,-26.177,-116.77,0.714,-1
,SPX 11O1280,Mar11 1280 Puts,101228,16:00:00,1280,P,110318,0.163,52.75,50.6,54.6,-0.003,,2,-48.845,0.461,228.44,-23.133,-173.059,0.685,-1
,SPX 11A1285,Jan11 1285 Calls,101228,16:00:00,1285,C,110121,0.133,6.5,6,7.6,0.046,24,12342,31.658,0.96,104.97,-29.401,21.181,0.17,6.85
,SPX 11B1285,Feb11 1285 Calls,101228,16:00:00,1285,C,110218,0.151,16.21,14.7,18.6,0.027,1,319,41.68,0.717,175.911,-25.783,60.649,0.248,16.6
,SPX 11C1285,Mar11 1285 Calls,101228,16:00:00,1285,C,110318,0.162,25.1,23.1,27,-0.002,,75,46.935,0.501,225.371,-23.028,101.921,0.283,-1
,SPX 11M1285,Jan11 1285 Puts,101228,16:00:00,1285,P,110121,0.121,33.31,31.4,35.3,0.001,2,138,-68.834,1.073,101.685,-25.916,-64.474,0.83,-1
,SPX 11N1285,Feb11 1285 Puts,101228,16:00:00,1285,P,110218,0.148,45.37,43.3,47.2,-0.002,10,75,-55.902,0.636,175.943,-25.075,-122.242,0.752,46.4
,SPX 11O1285,Mar11 1285 Puts,101228,16:00:00,1285,P,110318,0.161,55.42,53.4,57.3,-0.001,,,-51.133,0.472,225.3,-22.5,-179.529,0.717,-1
,SPX 11A1290,Jan11 1290 Calls,101228,16:00:00,1290,C,110121,0.13,5.08,4.6,6,0.045,880,18329,27.038,0.929,95.639,-26.15,17.858,0.131,5.45
,SPX 11B1290,Feb11 1290 Calls,101228,16:00:00,1290,C,110218,0.149,14.31,12.7,16.6,0.025,1,2719,38.193,0.709,170.499,-24.611,56.001,0.213,15
,SPX 11C1290,Mar11 1290 Calls,101228,16:00:00,1290,C,110318,0.16,22.96,20.9,24.8,-0.005,,85,44.474,0.506,221.605,-22.316,96.584,0.252,-1
,SPX 11M1290,Jan11 1290 Puts,101228,16:00:00,1290,P,110121,0.118,36.94,35,39,0.002,,207,-73.984,1.032,90.961,-22.544,-68.353,0.869,-1
,SPX 11N1290,Feb11 1290 Puts,101228,16:00:00,1290,P,110218,0.146,48.36,46.4,50.3,0,,,-59.038,0.646,170.361,-23.954,-127.732,0.787,-1
,SPX 11O1290,Mar11 1290 Puts,101228,16:00:00,1290,P,110318,0.16,58.19,56.2,60.1,-0.001,,,-53.465,0.482,221.436,-21.882,-186.06,0.748,-1
,SPX 11A1295,Jan11 1295 Calls,101228,16:00:00,1295,C,110121,0.129,3.89,3.5,5.1,0.105,13,5470,22.633,0.879,85.243,-23.54,14.744,0.098,4.25
,SPX 11B1295,Feb11 1295 Calls,101228,16:00:00,1295,C,110218,0.147,12.59,10.9,14.8,0.021,,2420,34.777,0.693,164.25,-23.361,51.44,0.181,-1
,SPX 11C1295,Mar11 1295 Calls,101228,16:00:00,1295,C,110318,0.158,20.94,18.9,22.8,-0.004,,304,42.007,0.508,217.167,-21.629,91.244,0.224,-1
,SPX 11M1295,Jan11 1295 Puts,101228,16:00:00,1295,P,110121,0.115,40.81,38.9,42.8,0.001,,2858,-78.854,0.966,79.084,-19.047,-71.97,0.902,-1
,SPX 11N1295,Feb11 1295 Puts,101228,16:00:00,1295,P,110218,0.145,51.51,49.6,53.5,0.001,,,-62.201,0.652,163.778,-22.727,-133.208,0.819,-1
,SPX 11O1295,Mar11 1295 Puts,101228,16:00:00,1295,P,110318,0.158,61.09,59.2,63.1,0.001,,,-55.832,0.491,216.839,-21.205,-192.632,0.776,-1
,SPX 11A1300,Jan11 1300 Calls,101228,16:00:00,1300,C,110121,0.126,2.91,3,3.4,0.1,981,64164,18.524,0.813,74.152,-20.034,11.892,0.072,3.2
,SPX 11B1300,Feb11 1300 Calls,101228,16:00:00,1300,C,110218,0.145,11.03,10.4,12.1,0.02,509,31201,31.467,0.671,157.26,-22.152,47.005,0.152,11.3
,SPX 11C1300,Mar11 1300 Calls,101228,16:00:00,1300,C,110318,0.157,19.04,17,20.9,-0.004,2793,57167,39.544,0.507,212.073,-20.894,85.922,0.197,19.3
,SPX 11D1300,Apr11 1300 Calls,101228,16:00:00,1300,C,110415,0.169,27,25,28.9,-0.002,,710,44.035,0.418,255.504,-20.165,126.388,0.226,-1
,SPX 11F1300,Jun11 1300 Calls,101228,16:00:00,1300,C,110617,0.182,41.8,39.8,43.7,-0.001,51,70327,48.893,0.303,331.011,-18.021,216.596,0.265,41.8
,SPX 11I1300,Sep11 1300 Calls,101228,16:00:00,1300,C,110916,0.191,61.03,57,60.8,-0.036,2000,67358,48.637,0.207,415.329,-15.808,347.228,0.298,58
,SPX 11L1300,Dec11 1300 Calls,101228,16:00:00,1300,C,111216,0.193,72.26,70.1,74,-0.004,1300,103185,54.802,0.188,482.784,-14.158,473.536,0.322,71.1
,SPX 11M1300,Jan11 1300 Puts,101228,16:00:00,1300,P,110121,,44.91,43.1,47,0.005,7,5098,-83.322,0.875,66.584,-15.409,-75.254,0.928,46.9
,SPX 11N1300,Feb11 1300 Puts,101228,16:00:00,1300,P,110218,0.142,54.8,52.9,56.9,0.002,,1000,-65.368,0.653,156.234,-21.299,-138.633,0.848,-1
,SPX 11O1300,Mar11 1300 Puts,101228,16:00:00,1300,P,110318,0.156,64.09,62.3,66.2,0.002,,7608,-58.229,0.497,211.509,-20.391,-199.225,0.803,-1
,SPX 11P1300,Apr11 1300 Puts,101228,16:00:00,1300,P,110415,0.168,73.42,71.5,75.5,0.001,,,-54.025,0.397,255.341,-19.54,-257.958,0.774,-1
,SPX 11R1300,Jun11 1300 Puts,101228,16:00:00,1300,P,110617,0.187,92.1,90.1,94,0,10,4954,-49.196,0.283,331.746,-17.412,-389.627,0.735,93
,SPX 11U1300,Sep11 1300 Puts,101228,16:00:00,1300,P,110916,0.201,114.09,111.3,116.3,-0.003,,9650,-45.24,0.21,415.9,-14.822,-580.003,0.702,-1
,SPX 11X1300,Dec11 1300 Puts,101228,16:00:00,1300,P,111216,0.21,131.99,129.3,134.2,-0.001,1,25409,-42.784,0.172,484.1,-12.833,-769.317,0.678,133
,SPX 11A1305,Jan11 1305 Calls,101228,16:00:00,1305,C,110121,0.125,2.12,2.05,2.9,0.17,95,6854,14.785,0.733,62.791,-17.224,9.346,0.052,2.5
,SPX 11B1305,Feb11 1305 Calls,101228,16:00:00,1305,C,110218,0.144,9.63,8.8,10.8,0.018,101,2563,28.292,0.643,149.642,-20.789,42.735,0.127,9.8
,SPX 11C1305,Mar11 1305 Calls,101228,16:00:00,1305,C,110318,0.155,17.26,15.2,19.1,-0.006,,17,37.099,0.505,206.349,-20.114,80.645,0.173,-1
,SPX 11M1305,Jan11 1305 Puts,101228,16:00:00,1305,P,110121,,49.22,47.3,51.2,0.001,,16,-87.286,0.764,54.064,-12.115,-78.147,0.948,-1
,SPX 11N1305,Feb11 1305 Puts,101228,16:00:00,1305,P,110218,0.14,58.26,56.3,60.3,0.001,,,-68.515,0.649,147.794,-19.788,-143.971,0.873,-1
,SPX 11O1305,Mar11 1305 Puts,101228,16:00:00,1305,P,110318,0.154,67.22,65.5,69.4,0.003,,,-60.645,0.503,205.454,-19.606,-205.815,0.827,-1
,SPX 11A1310,Jan11 1310 Calls,101228,16:00:00,1310,C,110121,0.124,1.5,1.7,2.05,0.247,1117,14181,11.475,0.642,51.61,-14.528,7.135,0.036,1.85
,SPX 11B1310,Feb11 1310 Calls,101228,16:00:00,1310,C,110218,0.142,8.37,7.5,9.4,0.01,1,2950,25.278,0.609,141.53,-19.394,38.662,0.105,8.55
,SPX 11C1310,Mar11 1310 Calls,101228,16:00:00,1310,C,110318,0.154,15.6,13.5,17.4,-0.01,,1150,34.681,0.5,200.03,-19.294,75.435,0.15,-1
,SPX 11M1310,Jan11 1310 Puts,101228,16:00:00,1310,P,110121,,53.7,51.7,55.6,-0.001,,20,-90.66,0.637,42.139,-9.134,-80.619,0.964,-1
,SPX 11N1310,Feb11 1310 Puts,101228,16:00:00,1310,P,110218,0.138,61.86,60.1,64,0.003,,,-71.616,0.639,138.547,-18.434,-149.183,0.895,-1
,SPX 11O1310,Mar11 1310 Puts,101228,16:00:00,1310,P,110318,0.153,70.46,68.8,72.7,0.004,,,-63.071,0.506,198.69,-18.774,-212.379,0.85,-1
,SPX 11A1315,Jan11 1315 Calls,101228,16:00:00,1315,C,110121,0.12,1.02,1,1.5,0.225,223,10043,8.631,0.544,41.042,-11.118,5.274,0.025,1.25
,SPX 11B1315,Feb11 1315 Calls,101228,16:00:00,1315,C,110218,0.141,7.26,6.3,8.2,-0.001,,745,22.447,0.571,133.065,-17.985,34.814,0.086,-1
,SPX 11C1315,Mar11 1315 Calls,101228,16:00:00,1315,C,110318,0.152,14.05,11.9,15.9,-0.011,,10,32.303,0.492,193.16,-18.353,70.318,0.13,-1
,SPX 11M1315,Jan11 1315 Puts,101228,16:00:00,1315,P,110121,,58.33,56.1,60.1,-0.003,2,13,-93.417,0.513,31.34,-6.566,-82.664,0.975,58.95
,SPX 11N1315,Feb11 1315 Puts,101228,16:00:00,1315,P,110218,0.137,65.61,63.9,67.8,0.004,,,-74.643,0.623,128.61,-16.928,-154.231,0.914,-1
,SPX 11O1315,Mar11 1315 Puts,101228,16:00:00,1315,P,110318,0.151,73.81,72.2,76.1,0.005,,,-65.498,0.506,191.246,-17.9,-218.892,0.87,-1
,SPX 11A1320,Jan11 1320 Calls,101228,16:00:00,1320,C,110121,0.122,0.67,0.8,1.25,0.537,448,12229,6.269,0.445,31.463,-9.733,3.76,0.017,1.1
,SPX 11B1320,Feb11 1320 Calls,101228,16:00:00,1320,C,110218,0.14,6.28,5.3,7.3,0.002,11,1056,19.814,0.531,124.395,-16.695,31.212,0.069,6.1
,SPX 11C1320,Mar11 1320 Calls,101228,16:00:00,1320,C,110318,0.15,12.61,10.5,14.4,-0.013,,252,29.975,0.482,185.791,-17.469,65.315,0.112,-1
,SPX 11M1320,Jan11 1320 Puts,101228,16:00:00,1320,P,110121,,63.08,60.9,64.8,-0.004,,47,-95.58,0.393,22.093,-4.472,-84.303,0.983,-1
,SPX 11N1320,Feb11 1320 Puts,101228,16:00:00,1320,P,110218,,69.5,67.8,71.8,0.004,,,-77.571,0.602,118.126,-14.832,-159.08,0.931,-1
,SPX 11O1320,Mar11 1320 Puts,101228,16:00:00,1320,P,110318,0.149,77.29,75.6,79.6,0.004,,,-67.913,0.505,183.162,-16.813,-225.327,0.888,-1
,SPX 11A1325,Jan11 1325 Calls,101228,16:00:00,1325,C,110121,0.124,0.43,0.75,0.95,0.977,1326,21186,4.379,0.35,23.157,-8.62,2.575,0.011,0.8
,SPX 11B1325,Feb11 1325 Calls,101228,16:00:00,1325,C,110218,0.141,5.41,5,6.2,0.035,2055,20219,17.391,0.488,115.662,-15.77,27.871,0.056,5.5
,SPX 11C1325,Mar11 1325 Calls,101228,16:00:00,1325,C,110318,0.149,11.28,10.2,12.1,-0.012,500,9480,27.709,0.47,177.983,-16.563,60.449,0.095,11
,SPX 11D1325,Apr11 1325 Calls,101228,16:00:00,1325,C,110415,0.161,18.07,16,20,-0.004,,3014,34.012,0.412,228.783,-17.184,97.818,0.126,-1
,SPX 11F1325,Jun11 1325 Calls,101228,16:00:00,1325,C,110617,0.175,31.66,29.6,33.5,-0.003,,9413,41.488,0.313,312.865,-16.357,183.5,0.174,-1
,SPX 11I1325,Sep11 1325 Calls,101228,16:00:00,1325,C,110916,0.185,51.03,46,49.9,-0.062,5,1393,43.631,0.21,404.5,-14.808,312.109,0.217,46.5
,SPX 11L1325,Dec11 1325 Calls,101228,16:00:00,1325,C,111216,0.188,60.94,58.8,62.7,-0.004,150,7154,50.174,0.198,473.6,-13.479,432.226,0.248,60
,SPX 11M1325,Jan11 1325 Puts,101228,16:00:00,1325,P,110121,,67.92,65.7,69.5,-0.005,,36,-97.186,0.284,14.649,-2.869,-85.577,0.989,-1
,SPX 11N1325,Feb11 1325 Puts,101228,16:00:00,1325,P,110218,,73.53,72,75.9,0.006,,,-80.371,0.575,107.257,-13.191,-163.694,0.944,-1
,SPX 11O1325,Mar11 1325 Puts,101228,16:00:00,1325,P,110318,0.148,80.87,79.4,83.3,0.006,,2002,-70.304,0.5,174.488,-15.96,-231.66,0.905,-1
,SPX 11P1325,Apr11 1325 Puts,101228,16:00:00,1325,P,110415,0.16,89.07,87.5,91.4,0.004,,,-63.805,0.415,227.334,-16.493,-294.879,0.874,-1
,SPX 11R1325,Jun11 1325 Puts,101228,16:00:00,1325,P,110617,0.18,106.62,104.3,109.2,0.001,,450,-56.184,0.299,314.378,-15.789,-433.828,0.826,-1
,SPX 11U1325,Sep11 1325 Puts,101228,16:00:00,1325,P,110916,0.195,127.85,125.3,130.2,-0.001,,128,-50.426,0.222,405.229,-13.855,-633.076,0.783,-1
,SPX 11X1325,Dec11 1325 Puts,101228,16:00:00,1325,P,111216,0.206,145.38,142.8,147.8,-0.001,,186,-47.013,0.181,477.166,-12.199,-830.187,0.752,-1
,SPX 11A1330,Jan11 1330 Calls,101228,16:00:00,1330,C,110121,0.125,0.26,0.6,0.75,1.577,125,8564,2.928,0.263,16.289,-7.262,1.686,0.007,0.6
,SPX 11B1330,Feb11 1330 Calls,101228,16:00:00,1330,C,110218,0.137,4.66,3.7,5.3,-0.034,,994,15.183,0.444,107.003,-13.861,24.797,0.044,-1
,SPX 11C1330,Mar11 1330 Calls,101228,16:00:00,1330,C,110318,0.148,10.06,8.9,10.9,-0.016,,65,25.514,0.456,169.804,-15.641,55.74,0.081,-1
,SPX 11M1330,Jan11 1330 Puts,101228,16:00:00,1330,P,110121,,72.82,70.5,74.3,-0.006,,59,-98.307,0.191,9.056,-1.726,-86.545,0.993,-1
,SPX 11N1330,Feb11 1330 Puts,101228,16:00:00,1330,P,110218,,77.69,76.2,80.1,0.006,,,-83.018,0.542,96.185,-11.577,-168.044,0.956,-1
,SPX 11O1330,Mar11 1330 Puts,101228,16:00:00,1330,P,110318,0.147,84.57,83.2,87.1,0.007,,,-72.661,0.494,165.284,-15.087,-237.864,0.919,-1
,SPX 11A1335,Jan11 1335 Calls,101228,16:00:00,1335,C,110121,0.124,0.15,0.35,0.6,,5,5079,1.865,0.188,10.894,-5.648,1.05,0.004,0.5
,SPX 11B1335,Feb11 1335 Calls,101228,16:00:00,1335,C,110218,0.135,4.01,2.95,4.5,-0.072,1,20,13.188,0.401,98.537,-12.351,21.994,0.035,3.6
,SPX 11M1335,Jan11 1335 Puts,101228,16:00:00,1335,P,110121,,77.77,75.3,79.2,-0.007,,4,-99.034,0.119,5.165,-0.973,-87.275,0.996,-1
,SPX 11N1335,Feb11 1335 Puts,101228,16:00:00,1335,P,110218,,81.97,80.2,84.2,0.003,,,-85.483,0.502,85.103,-10.016,-172.105,0.965,-1
,SPX 11A1340,Jan11 1340 Calls,101228,16:00:00,1340,C,110121,0.124,0.08,0.3,0.4,,112,3714,1.124,0.128,6.887,-4.484,0.618,0.003,0.35
,SPX 11B1340,Feb11 1340 Calls,101228,16:00:00,1340,C,110218,0.135,3.45,2.4,4,-0.072,55,3250,11.404,0.358,90.37,-11.245,19.458,0.027,3.15
,SPX 11C1340,Mar11 1340 Calls,101228,16:00:00,1340,C,110318,0.146,7.92,6.9,8.9,-0.003,,7,21.374,0.421,152.618,-13.964,46.864,0.057,-1
,SPX 11M1340,Jan11 1340 Puts,101228,16:00:00,1340,P,110121,,82.74,80.2,84.1,-0.007,,2,-99.469,0.068,2.685,-0.519,-87.835,0.997,-1
,SPX 11N1340,Feb11 1340 Puts,101228,16:00:00,1340,P,110218,,86.36,84.8,88.7,0.005,,,-87.751,0.462,74.199,-8.529,-175.859,0.973,-1
,SPX 11O1340,Mar11 1340 Puts,101228,16:00:00,1340,P,110318,,92.3,91.1,95,0.008,,1,-77.22,0.472,145.592,-12.291,-249.78,0.943,-1
,SPX 11A1345,Jan11 1345 Calls,101228,16:00:00,1345,C,110121,0.142,0.04,0.25,0.95,,,4327,0.638,0.081,4.089,-6.928,0.342,0.002,-1
,SPX 11B1345,Feb11 1345 Calls,101228,16:00:00,1345,C,110218,0.133,2.96,2,3.2,-0.118,5,34,9.82,0.318,82.586,-9.89,17.179,0.021,2.75
,SPX 11M1345,Jan11 1345 Puts,101228,16:00:00,1345,P,110121,,87.73,85.1,89,-0.008,,,-99.706,0.035,1.254,-0.273,-88.285,0.998,-1
,SPX 11N1345,Feb11 1345 Puts,101228,16:00:00,1345,P,110218,,90.85,89.2,93.1,0.003,,,-89.814,0.418,63.667,-7.138,-179.292,0.979,-1
,SPX 11A1350,Jan11 1350 Calls,101228,16:00:00,1350,C,110121,0.131,0.02,0.25,0.3,,7,32495,0.338,0.048,2.262,-3.745,0.176,0.001,0.25
,SPX 11B1350,Feb11 1350 Calls,101228,16:00:00,1350,C,110218,0.131,2.55,1.65,2.5,-0.184,77,18737,8.426,0.28,75.25,-8.532,15.146,0.016,2.1
,SPX 11C1350,Mar11 1350 Calls,101228,16:00:00,1350,C,110318,0.143,6.15,5.1,7.1,-0.01,515,26445,17.616,0.381,134.84,-12.033,38.806,0.04,5.8
,SPX 11D1350,Apr11 1350 Calls,101228,16:00:00,1350,C,110415,0.155,11.46,10.4,12.3,-0.01,,179,24.702,0.374,191.965,-13.812,71.374,0.063,-1
,SPX 11F1350,Jun11 1350 Calls,101228,16:00:00,1350,C,110617,0.168,23.28,21.3,24,-0.027,,55889,34.138,0.31,285.953,-14.235,150.725,0.107,-1
,SPX 11I1350,Sep11 1350 Calls,101228,16:00:00,1350,C,110916,0.18,42.22,36.4,40.3,-0.091,100,3860,38.683,0.21,388.008,-13.689,277.152,0.152,39
,SPX 11L1350,Dec11 1350 Calls,101228,16:00:00,1350,C,111216,0.183,50.73,48.6,52.5,-0.004,6,13531,45.406,0.207,458.373,-12.663,389.55,0.186,50.2
,SPX 11M1350,Jan11 1350 Puts,101228,16:00:00,1350,P,110121,,92.72,90.1,93.9,-0.008,,20,-99.821,0.016,0.517,-0.155,-88.67,0.999,-1
,SPX 11N1350,Feb11 1350 Puts,101228,16:00:00,1350,P,110218,,95.44,93.8,97.7,0.003,,5,-91.661,0.373,53.689,-5.86,-182.4,0.984,-1
,SPX 11O1350,Mar11 1350 Puts,101228,16:00:00,1350,P,110318,,100.45,99.2,103.2,0.007,,5025,-81.489,0.438,124.783,-10.143,-260.882,0.96,-1
,SPX 11P1350,Apr11 1350 Puts,101228,16:00:00,1350,P,110415,,107.06,105.4,110.2,0.007,,,-73.483,0.402,186.96,-12.458,-330.476,0.937,-1
,SPX 11R1350,Jun11 1350 Puts,101228,16:00:00,1350,P,110617,0.175,122.81,120.9,125.8,0.004,,321,-63.312,0.305,288.013,-13.926,-478.236,0.893,-1
,SPX 11U1350,Sep11 1350 Puts,101228,16:00:00,1350,P,110916,0.191,142.87,140.5,145.5,0.001,,200,-55.762,0.231,388.119,-12.781,-687.128,0.848,-1
,SPX 11X1350,Dec11 1350 Puts,101228,16:00:00,1350,P,111216,0.201,159.8,157.5,162.5,0.001,,755,-51.362,0.188,465.175,-11.441,-892.346,0.814,-1
,SPX 11A1355,Jan11 1355 Calls,101228,16:00:00,1355,C,110121,0.131,0.01,0.15,0.25,,25,4650,0.166,0.027,1.157,-2.946,0.084,0.001,0.25
,SPX 11B1355,Feb11 1355 Calls,101228,16:00:00,1355,C,110218,0.131,2.2,1.2,2.3,-0.2,7,28,7.208,0.244,68.405,-7.582,13.344,0.012,1.9
,SPX 11M1355,Jan11 1355 Puts,101228,16:00:00,1355,P,110121,,97.72,95,98.8,-0.008,,2,-99.871,0.006,0.185,-0.105,-89.022,0.999,-1
,SPX 11N1355,Feb11 1355 Puts,101228,16:00:00,1355,P,110218,,100.1,98.4,102.2,0.002,,,-93.287,0.326,44.426,-4.709,-185.183,0.988,-1
,SPX 11A1360,Jan11 1360 Calls,101228,16:00:00,1360,C,110121,,0,0.1,0.2,,70,2241,0.075,0.013,0.542,-0.088,0.036,0,0.2
,SPX 11B1360,Feb11 1360 Calls,101228,16:00:00,1360,C,110218,0.133,1.89,1.05,2.1,-0.164,3,1626,6.149,0.212,62.079,-7.095,11.754,0.009,1.6
,SPX 11C1360,Mar11 1360 Calls,101228,16:00:00,1360,C,110318,0.142,4.72,3.9,5.5,-0.002,300,11,14.279,0.337,117.082,-10.356,31.644,0.027,5
,SPX 11M1360,Jan11 1360 Puts,101228,16:00:00,1360,P,110121,,102.72,99.9,103.8,-0.008,,202,-99.889,0.002,0.056,-0.087,-89.359,1,-1
,SPX 11N1360,Feb11 1360 Puts,101228,16:00:00,1360,P,110218,,104.84,103.2,107,0.002,,,-94.69,0.279,36.011,-3.695,-187.652,0.991,-1
,SPX 11O1360,Mar11 1360 Puts,101228,16:00:00,1360,P,110318,,108.97,107.9,111.8,0.008,,2,-85.368,0.396,103.67,-8.081,-271.009,0.973,-1
,SPX 11A1365,Jan11 1365 Calls,101228,16:00:00,1365,C,110121,,0,0.1,0.2,,16,11775,0.03,0.006,0.229,-0.035,0.014,0,0.15
,SPX 11B1365,Feb11 1365 Calls,101228,16:00:00,1365,C,110218,0.133,1.64,0.75,1.85,-0.207,100,110,5.236,0.184,56.279,-6.213,10.359,0.007,1.25
,SPX 11M1365,Jan11 1365 Puts,101228,16:00:00,1365,P,110121,,107.72,104.9,108.8,-0.008,,3,-99.895,0.001,0.014,-0.082,-89.69,1,-1
,SPX 11N1365,Feb11 1365 Puts,101228,16:00:00,1365,P,110218,,109.63,107.9,111.8,0.002,,,-95.876,0.234,28.541,-2.822,-189.823,0.993,-1
,SPX 11A1370,Jan11 1370 Calls,101228,16:00:00,1370,C,110121,,0,0.1,0.15,,1,2670,0.011,0.003,0.087,-0.012,0.005,0,-1
,SPX 11B1370,Feb11 1370 Calls,101228,16:00:00,1370,C,110218,0.132,1.42,0.55,1.6,-0.246,100,143,4.451,0.158,51.003,-5.426,9.141,0.005,1.05
,SPX 11C1370,Mar11 1370 Calls,101228,16:00:00,1370,C,110318,0.141,3.57,2.8,4.4,0.008,,1136,11.383,0.291,99.912,-8.789,25.414,0.018,-1
,SPX 11M1370,Jan11 1370 Puts,101228,16:00:00,1370,P,110121,,112.72,109.9,113.7,-0.008,,,-99.896,0,0.003,-0.081,-90.019,1,-1
,SPX 11N1370,Feb11 1370 Puts,101228,16:00:00,1370,P,110218,,114.48,112.7,116.5,0.001,,,-96.857,0.192,22.072,-2.089,-191.718,0.995,-1
,SPX 11O1370,Mar11 1370 Puts,101228,16:00:00,1370,P,110318,,117.84,116.7,120.7,0.007,,6,-88.797,0.347,83.124,-6.176,-280.043,0.982,-1
,SPX 11A1375,Jan11 1375 Calls,101228,16:00:00,1375,C,110121,,0,0.05,0.1,,328,3610,0.004,0.001,0.029,-0.004,0.002,0,0.1
,SPX 11B1375,Feb11 1375 Calls,101228,16:00:00,1375,C,110218,0.132,1.24,0.35,1.45,-0.274,,890,3.779,0.135,46.235,-4.806,8.08,0.004,-1
,SPX 11C1375,Mar11 1375 Calls,101228,16:00:00,1375,C,110318,0.14,3.09,2.35,3.9,0.01,7,12578,10.101,0.268,91.702,-8.012,22.647,0.014,3.05
,SPX 11D1375,Apr11 1375 Calls,101228,16:00:00,1375,C,110415,0.15,6.86,5.8,7.8,-0.01,750,85,16.778,0.309,150.094,-10.377,48.888,0.028,6.5
,SPX 11F1375,Jun11 1375 Calls,101228,16:00:00,1375,C,110617,0.164,16.57,14.5,18.5,-0.005,2000,21684,27.146,0.293,251.843,-12.256,119.665,0.061,16
,SPX 11I1375,Sep11 1375 Calls,101228,16:00:00,1375,C,110916,0.175,34.55,28.1,32.1,-0.129,750,1550,33.876,0.206,366.439,-12.348,243.029,0.102,30
,SPX 11L1375,Dec11 1375 Calls,101228,16:00:00,1375,C,111216,0.178,41.65,39.5,43.4,-0.004,100,5644,40.565,0.212,437.152,-11.724,346.245,0.135,42.2
,SPX 11M1375,Jan11 1375 Puts,101228,16:00:00,1375,P,110121,,117.72,114.9,118.7,-0.008,,8,-99.897,0,0,-0.081,-90.347,1,-1
,SPX 11N1375,Feb11 1375 Puts,101228,16:00:00,1375,P,110218,,119.37,117.5,121.4,0.001,,,-97.648,0.153,16.617,-1.489,-193.366,0.996,-1
,SPX 11O1375,Mar11 1375 Puts,101228,16:00:00,1375,P,110318,,122.38,121.4,125.2,0.008,,85,-90.325,0.32,73.335,-5.302,-284.127,0.986,-1
,SPX 11P1375,Apr11 1375 Puts,101228,16:00:00,1375,P,110415,,127.21,125.9,130.7,0.009,,,-82.269,0.353,138.914,-8.495,-362.487,0.972,-1
,SPX 11R1375,Jun11 1375 Puts,101228,16:00:00,1375,P,110617,,140.66,139.2,144,0.007,,400,-70.323,0.3,253.683,-11.373,-521.561,0.939,-1
,SPX 11U1375,Sep11 1375 Puts,101228,16:00:00,1375,P,110916,0.186,159.13,157.3,162.2,0.004,,158,-61.151,0.235,364.737,-11.543,-741.382,0.898,-1
,SPX 11X1375,Dec11 1375 Puts,101228,16:00:00,1375,P,111216,0.198,175.24,173.4,178.3,0.003,,101,-55.781,0.194,448.132,-10.61,-955.238,0.865,-1
,SPX 11A1380,Jan11 1380 Calls,101228,16:00:00,1380,C,110121,,0,0.05,0.1,,,11299,0.001,0,0.008,-0.001,0,0,-1
,SPX 11B1380,Feb11 1380 Calls,101228,16:00:00,1380,C,110218,,1.08,0.25,1.35,-0.259,1,35,3.207,0.115,41.951,-5.584,7.16,0.003,0.8
,SPX 11C1380,Mar11 1380 Calls,101228,16:00:00,1380,C,110318,0.139,2.66,2.15,3.3,0.023,,516,8.926,0.246,83.811,-7.275,20.106,0.011,-1
,SPX 11M1380,Jan11 1380 Puts,101228,16:00:00,1380,P,110121,,122.72,119.8,123.7,-0.008,,75,-99.897,0,0,-0.082,-90.676,1,-1
,SPX 11N1380,Feb11 1380 Puts,101228,16:00:00,1380,P,110218,,124.28,122.4,126.3,0.001,,,-98.269,0.119,12.148,-1.014,-194.798,0.997,-1
,SPX 11O1380,Mar11 1380 Puts,101228,16:00:00,1380,P,110318,,126.99,125.8,129.8,0.006,,1,-91.722,0.292,64.001,-4.489,-287.918,0.989,-1
,SPX 11B1385,Feb11 1385 Calls,101228,16:00:00,1385,C,110218,,0.95,0.15,1.2,-0.295,,20,2.764,0.078,38.113,-5.102,6.362,0.002,-1
,SPX 11N1385,Feb11 1385 Puts,101228,16:00:00,1385,P,110218,,129.23,127.3,131.1,0,,,-98.742,0.089,8.6,-0.648,-196.047,0.998,-1
,SPX 11A1390,Jan11 1390 Calls,101228,16:00:00,1390,C,110121,,0,0.05,0.1,,,4345,0,0,0,0,0,0,-1
,SPX 11B1390,Feb11 1390 Calls,101228,16:00:00,1390,C,110218,,0.84,0.05,1.1,-0.31,,22,2.436,0.067,34.607,-4.658,5.654,0.001,-1
,SPX 11C1390,Mar11 1390 Calls,101228,16:00:00,1390,C,110318,0.139,1.97,1.5,2.7,0.066,,5,6.888,0.203,69.141,-6.161,15.679,0.007,-1
,SPX 11M1390,Jan11 1390 Puts,101228,16:00:00,1390,P,110121,,132.72,129.8,133.7,-0.007,,1,-99.897,0,0,-0.082,-91.333,1,-1
,SPX 11N1390,Feb11 1390 Puts,101228,16:00:00,1390,P,110218,,134.19,132.2,136,-0.001,,,-99.091,0.065,5.877,-0.376,-197.147,0.999,-1
,SPX 11O1390,Mar11 1390 Puts,101228,16:00:00,1390,P,110318,,136.39,135.3,139.2,0.006,,,-94.115,0.235,47.044,-3.063,-294.636,0.993,-1
,SPX 11B1395,Feb11 1395 Calls,101228,16:00:00,1395,C,110218,,0.74,0.05,1.05,-0.257,,,2.15,0.06,31.391,-4.249,5.024,0.001,-1
,SPX 11N1395,Feb11 1395 Puts,101228,16:00:00,1395,P,110218,,139.16,137.1,140.9,-0.001,,,-99.339,0.045,3.863,-0.181,-198.129,0.999,-1
,SPX 11A1400,Jan11 1400 Calls,101228,16:00:00,1400,C,110121,,0,0.05,0.1,,23,11381,0,0,0,0,0,0,0.05
,SPX 11B1400,Feb11 1400 Calls,101228,16:00:00,1400,C,110218,,0.65,0.05,0.5,-0.569,7,2537,1.897,0.053,28.447,-3.872,4.463,0.001,0.45
,SPX 11C1400,Mar11 1400 Calls,101228,16:00:00,1400,C,110318,0.135,1.43,1.2,1.65,-0.007,,33727,5.233,0.164,56.134,-4.623,12.06,0.004,-1
,SPX 11D1400,Apr11 1400 Calls,101228,16:00:00,1400,C,110415,0.146,3.88,3.1,4.7,0.005,1,61,10.627,0.232,109.079,-7.344,31.382,0.011,3.8
,SPX 11F1400,Jun11 1400 Calls,101228,16:00:00,1400,C,110617,0.159,11.4,10.3,12.3,-0.01,101,20029,20.794,0.265,213.051,-10.02,91.572,0.033,11
,SPX 11I1400,Sep11 1400 Calls,101228,16:00:00,1400,C,110916,0.17,27.95,21.2,25.2,-0.171,100,35416,29.291,0.198,340.623,-10.925,210.36,0.066,22.7
,SPX 11L1400,Dec11 1400 Calls,101228,16:00:00,1400,C,111216,0.174,33.68,31.6,35.6,-0.002,,44585,35.728,0.214,410.272,-10.726,303.116,0.095,-1
,SPX 11M1400,Jan11 1400 Puts,101228,16:00:00,1400,P,110121,,142.72,139.8,143.6,-0.007,,13,-99.897,0,0,-0.083,-91.99,1,-1
,SPX 11N1400,Feb11 1400 Puts,101228,16:00:00,1400,P,110218,,144.15,142,145.9,-0.001,,,-99.509,0.03,2.434,-0.048,-199.021,0.999,-1
,SPX 11O1400,Mar11 1400 Puts,101228,16:00:00,1400,P,110318,,145.99,144.8,148.6,0.005,,13221,-95.984,0.18,32.788,-1.92,-300.259,0.996,-1
,SPX 11P1400,Apr11 1400 Puts,101228,16:00:00,1400,P,110415,,149.2,147.8,152.7,0.007,,,-89.434,0.275,90.545,-4.92,-389.08,0.989,-1
,SPX 11R1400,Jun11 1400 Puts,101228,16:00:00,1400,P,110617,,160.07,159,163.8,0.008,,1449,-76.917,0.278,213.477,-8.934,-562.491,0.967,-1
,SPX 11U1400,Sep11 1400 Puts,101228,16:00:00,1400,P,110916,,176.63,175.4,180.2,0.007,,500,-66.483,0.234,335.645,-9.923,-794.996,0.934,-1
,SPX 11X1400,Dec11 1400 Puts,101228,16:00:00,1400,P,111216,0.193,191.7,190.4,194,0.003,,8328,-60.213,0.197,426.236,-9.56,-1018.26,0.905,-1
,SPX 11A1410,Jan11 1410 Calls,101228,16:00:00,1410,C,110121,,0,,0.05,,,1457,0,0,0,0,0,0,-1
,SPX 11B1410,Feb11 1410 Calls,101228,16:00:00,1410,C,110218,,0.5,0.05,1,0.06,,22,1.476,0.041,23.306,-3.206,3.52,0,-1
,SPX 11M1410,Jan11 1410 Puts,101228,16:00:00,1410,P,110121,,152.72,149.8,153.6,-0.007,,,-99.897,0,0,-0.083,-92.647,1,-1
,SPX 11N1410,Feb11 1410 Puts,101228,16:00:00,1410,P,110218,,154.13,151.9,155.8,-0.002,,,-99.69,0.012,0.835,0.095,-200.63,1,-1
,SPX 11A1420,Jan11 1420 Calls,101228,16:00:00,1420,C,110121,,0,,,,,2955,0,0,0,0,0,0,-1
,SPX 11B1420,Feb11 1420 Calls,101228,16:00:00,1420,C,110218,,0.39,0.05,1,0.359,,22,1.149,0.032,19.043,-2.647,2.775,0,-1
,SPX 11M1420,Jan11 1420 Puts,101228,16:00:00,1420,P,110121,,162.72,159.7,163.6,-0.007,,2,-99.897,0,0,-0.084,-93.304,1,-1
,SPX 11N1420,Feb11 1420 Puts,101228,16:00:00,1420,P,110218,,164.13,161.9,165.7,-0.002,,,-99.754,0.004,0.228,0.146,-202.116,1,-1
,SPX 11A1425,Jan11 1425 Calls,101228,16:00:00,1425,C,110121,,0,,,,,891,0,0,0,0,0,0,-1
,SPX 11B1425,Feb11 1425 Calls,101228,16:00:00,1425,C,110218,,0.35,0.05,1,0.514,,154,1.013,0.029,17.2,-2.403,2.464,0,-1
,SPX 11C1425,Mar11 1425 Calls,101228,16:00:00,1425,C,110318,,0.62,0.25,1.35,0.29,,1339,2.523,0.085,31.214,-2.536,5.914,0.001,-1
,SPX 11D1425,Apr11 1425 Calls,101228,16:00:00,1425,C,110415,0.142,2.08,1.45,2.7,0,,,6.281,0.159,73.764,-4.819,18.911,0.004,-1
,SPX 11F1425,Jun11 1425 Calls,101228,16:00:00,1425,C,110617,0.155,7.56,6.5,8.5,-0.005,300,9457,15.301,0.227,172.655,-7.92,67.376,0.017,7.9
,SPX 11I1425,Sep11 1425 Calls,101228,16:00:00,1425,C,110916,0.166,22.35,15.5,19.5,-0.217,,642,24.995,0.187,311.573,-9.482,179.677,0.041,-1
,SPX 11L1425,Dec11 1425 Calls,101228,16:00:00,1425,C,111216,0.17,26.78,24.8,28.8,0.001,,4164,30.978,0.212,378.374,-9.61,260.995,0.066,-1
,SPX 11M1425,Jan11 1425 Puts,101228,16:00:00,1425,P,110121,,167.72,164.7,168.6,-0.006,,30,-99.897,0,0,-0.084,-93.633,1,-1
,SPX 11N1425,Feb11 1425 Puts,101228,16:00:00,1425,P,110218,,169.13,166.7,170.6,-0.003,,,-99.766,0.002,0.107,0.155,-202.839,1,-1
,SPX 11O1425,Mar11 1425 Puts,101228,16:00:00,1425,P,110318,,170.51,169,172.8,0.002,,519,-98.668,0.069,9.965,-0.226,-310.434,0.999,-1
,SPX 11P1425,Apr11 1425 Puts,101228,16:00:00,1425,P,110415,,172.58,171,175.8,0.005,,,-94.527,0.182,49.777,-2.19,-409.428,0.996,-1
,SPX 11R1425,Jun11 1425 Puts,101228,16:00:00,1425,P,110617,,180.89,180.2,185,0.009,,46,-82.805,0.249,170.297,-6.528,-599.908,0.983,-1
,SPX 11U1425,Sep11 1425 Puts,101228,16:00:00,1425,P,110916,,195.31,194.6,199.4,0.009,,1601,-71.641,0.228,301.809,-8.362,-847.12,0.959,-1
,SPX 11X1425,Dec11 1425 Puts,101228,16:00:00,1425,P,111216,,209.15,207.8,213.8,0.008,,139,-64.597,0.196,399.892,-8.38,-1080.783,0.934,-1
,SPX 11A1430,Jan11 1430 Calls,101228,16:00:00,1430,C,110121,,0,,0.1,,,3714,0,0,0,0,0,0,-1
,SPX 11M1430,Jan11 1430 Puts,101228,16:00:00,1430,P,110121,,172.72,169.7,173.6,-0.006,,30,-99.897,0,0,-0.085,-93.961,1,-1
,SPX 11A1440,Jan11 1440 Calls,101228,16:00:00,1440,C,110121,,0,,,,,1504,0,0,0,0,0,0,-1
,SPX 11B1440,Feb11 1440 Calls,101228,16:00:00,1440,C,110218,,0.24,0.05,1,1.208,,,0.696,0.02,12.642,-1.793,1.725,0,-1
,SPX 11M1440,Jan11 1440 Puts,101228,16:00:00,1440,P,110121,,182.72,179.7,183.6,-0.006,,,-99.897,0,0,-0.085,-94.618,1,-1
,SPX 11N1440,Feb11 1440 Puts,101228,16:00:00,1440,P,110218,,184.13,181.7,185.6,-0.003,,,-99.776,0,0.007,0.164,-204.983,1,-1
,SPX 11A1450,Jan11 1450 Calls,101228,16:00:00,1450,C,110121,,0,,,,,869,0,0,0,0,0,0,-1
,SPX 11B1450,Feb11 1450 Calls,101228,16:00:00,1450,C,110218,,0.18,0.1,0.2,,,482,0.543,0.016,10.281,-1.472,1.362,0,-1
,SPX 11C1450,Mar11 1450 Calls,101228,16:00:00,1450,C,110318,,0.25,0.05,1,1.12,,3823,1.135,0.045,15.565,-1.229,2.624,0,-1
,SPX 11D1450,Apr11 1450 Calls,101228,16:00:00,1450,C,110415,0.14,1.06,0.55,1.6,0.019,,,3.523,0.095,46.61,-3.016,10.744,0.001,-1
,SPX 11F1450,Jun11 1450 Calls,101228,16:00:00,1450,C,110617,0.152,4.83,4.1,5.7,0.014,9601,10226,10.798,0.18,133.752,-6.013,47.573,0.008,4.8
,SPX 11I1450,Sep11 1450 Calls,101228,16:00:00,1450,C,110916,0.158,17.67,11,13.1,-0.318,,2805,21.047,0.171,280.41,-7.6,151.405,0.024,-1
,SPX 11L1450,Dec11 1450 Calls,101228,16:00:00,1450,C,111216,0.165,20.92,19,23,0.001,106,17094,26.404,0.204,342.392,-8.449,220.702,0.044,20
,SPX 11M1450,Jan11 1450 Puts,101228,16:00:00,1450,P,110121,,192.72,189.7,193.5,-0.006,,11,-99.897,0,0,-0.086,-95.275,1,-1
,SPX 11N1450,Feb11 1450 Puts,101228,16:00:00,1450,P,110218,,194.13,191.7,195.5,-0.003,,,-99.776,0,0.001,0.166,-206.407,1,-1
,SPX 11O1450,Mar11 1450 Puts,101228,16:00:00,1450,P,110318,,195.41,193.5,197.3,0,,1,-99.503,0.016,1.739,0.319,-317.258,1,-1
,SPX 11P1450,Apr11 1450 Puts,101228,16:00:00,1450,P,110415,,196.85,194.9,199.8,0.003,,2,-97.541,0.097,21.89,-0.489,-424.064,0.999,-1
,SPX 11R1450,Jun11 1450 Puts,101228,16:00:00,1450,P,110617,,202.92,202,207.8,0.01,,20,-87.843,0.21,127.581,-4.314,-632.973,0.992,-1
,SPX 11U1450,Sep11 1450 Puts,101228,16:00:00,1450,P,110916,,215.09,214.2,220.2,0.01,,1008,-76.443,0.213,264.523,-6.766,-896.982,0.976,-1
,SPX 11X1450,Dec11 1450 Puts,101228,16:00:00,1450,P,111216,,227.55,227.1,233.1,0.011,,1100,-68.869,0.193,369.709,-7.227,-1142.183,0.956,-1
,SPX 11B1460,Feb11 1460 Calls,101228,16:00:00,1460,C,110218,0.167,0.14,0.1,0.35,,2,9,0.423,0.012,8.356,-1.834,1.076,0,0.55
,SPX 11N1460,Feb11 1460 Puts,101228,16:00:00,1460,P,110218,,204.13,201.2,206,-0.003,,,-99.776,0,0,0.167,-207.83,1,-1
,SPX 11B1470,Feb11 1470 Calls,101228,16:00:00,1470,C,110218,0.17,0.11,0.1,0.3,,,276,0.331,0.009,6.789,-1.598,0.851,0,-1
,SPX 11N1470,Feb11 1470 Puts,101228,16:00:00,1470,P,110218,,214.13,211.2,216,-0.002,,,-99.776,0,0,0.168,-209.254,1,-1
,SPX 11M1475,Jan11 1475 Puts,101228,16:00:00,1475,P,110121,,217.72,214.2,219,-0.005,,64,-99.897,0,0,-0.087,-96.918,1,-1
,SPX 11N1475,Feb11 1475 Puts,101228,16:00:00,1475,P,110218,,219.13,216.2,221,-0.002,,,-99.776,0,0,0.169,-209.966,1,-1
,SPX 11O1475,Mar11 1475 Puts,101228,16:00:00,1475,P,110318,,220.39,217.8,222.7,-0.001,,58,-99.646,0.002,0.134,0.418,-322.943,1,-1
,SPX 11P1475,Apr11 1475 Puts,101228,16:00:00,1475,P,110415,,221.58,219,224.7,0.001,,,-98.943,0.039,7.162,0.333,-434.622,1,-1
,SPX 11R1475,Jun11 1475 Puts,101228,16:00:00,1475,P,110617,,225.93,225.1,230.9,0.009,,50,-91.883,0.165,88.769,-2.432,-661.262,0.996,-1
,SPX 11U1475,Sep11 1475 Puts,101228,16:00:00,1475,P,110916,,235.87,235.7,241.7,0.012,,41,-80.871,0.198,225.3,-5.19,-943.946,0.986,-1
,SPX 11X1475,Dec11 1475 Puts,101228,16:00:00,1475,P,111216,,246.86,247,253,0.013,,,-72.91,0.184,336.461,-6.042,-1201.882,0.971,-1
,SPX 11M1500,Jan11 1500 Puts,101228,16:00:00,1500,P,110121,,242.72,239.2,244,-0.005,,4200,-99.897,0,0,-0.089,-98.561,1,-1
,SPX 11N1500,Feb11 1500 Puts,101228,16:00:00,1500,P,110218,,244.12,241.1,246,-0.002,,,-99.776,0,0,0.171,-213.524,1,-1
,SPX 11O1500,Mar11 1500 Puts,101228,16:00:00,1500,P,110318,,245.38,242.7,247.6,-0.001,,14630,-99.656,0,0.003,0.431,-328.43,1,-1
,SPX 11P1500,Apr11 1500 Puts,101228,16:00:00,1500,P,110415,,246.51,243.7,249.5,0,,,-99.417,0.01,1.576,0.622,-443.014,1,-1
,SPX 11R1500,Jun11 1500 Puts,101228,16:00:00,1500,P,110617,,249.7,248.9,254.7,0.009,50,801,-94.88,0.119,56.603,-0.964,-684.859,0.999,253
,SPX 11U1500,Sep11 1500 Puts,101228,16:00:00,1500,P,110916,,257.55,257.9,263.9,0.013,,200,-84.849,0.178,185.871,-3.692,-987.472,0.992,-1
,SPX 11X1500,Dec11 1500 Puts,101228,16:00:00,1500,P,111216,,267.01,268,274,0.015,1,3171,-76.714,0.176,301.002,-4.849,-1259.415,0.982,273.5
